| COEFFICIENT NAME               | VALUE      | STD.ERR |  T.TEST     |  P.VAL      |
| asc_carD                       |  0,0000000 |         |             |             |
| b_carD_p.age_group_agg_15_24   |  0,0000000 |         |             |             |
| b_carD_p.female                |  0,0000000 |         |             |             |
| b_carD_hh.cars_gr_0            |  0,0000000 |         |             |             |
| b_carD_hh.cars_gr_2            |  0,0000000 |         |             |             |
| b_carD_hh.cars_gr_3            |  0,0000000 |         |             |             |
| b_carD_hh.cars_gr_23           |  0,0000000 |         |             |             |
| asc_carP                       |  1,5658367 | 0,67328 |   2,32570   | 0,02003 *   |
| b_carP_p.age_group_agg_15_24   |  1,1894530 | 0,58421 |   2,03600   | 0,04175 *   |
| b_carP_p.female                | -1,0855961 | 0,41808 |  -2,59661   | 0,00941 **  |
| b_carP_hh.cars_gr_0            |  0,0000000 |         |             |             |
| b_carP_hh.cars_gr_2            | -1,1181907 | 0,51569 |  -2,16836   | 0,03013 *   |
| b_carP_hh.cars_gr_3            | -2,2558796 | 0,53344 |  -4,22893   | 0,00002 *** |
| b_carP_hh.cars_gr_23           |  0,0000000 |         |             |             |
| asc_pt                         | -0,9544211 | 0,69569 |  -1,37190   | 0,17009     |
| b_pt_p.age_group_agg_15_24     |  3,1115057 | 0,57432 |   5,41771   | 0,00000 *** |
| b_pt_p.female                  | -0,4661344 | 0,39352 |  -1,18453   | 0,23620     |
| b_pt_hh.cars_gr_0              |  2,5952617 | 0,24007 |   10,81022  | 0,00000 *** |
| b_pt_hh.cars_gr_2              | -1,4434540 | 0,51610 |  -2,79687   | 0,00516 **  |
| b_pt_hh.cars_gr_3              | -2,9983683 | 0,53747 |  -5,57862   | 0,00000 *** |
| b_pt_hh.cars_gr_23             |  0,0000000 |         |             |             |
| asc_bike                       | -0,8287460 | 0,71656 |  -1,15656   | 0,24745     |
| b_bike_p.age_group_agg_15_24   |  4,6680118 | 0,63076 |   7,40063   | 0,00000 *** |
| b_bike_p.female                | -2,6021535 | 0,51344 |  -5,06805   | 0,00000 *** |
| b_bike_hh.cars_gr_0            |  2,3781860 | 0,30584 |   7,77586   | 0,00000 *** |
| b_bike_hh.cars_gr_2            |  0,0000000 |         |             |             |
| b_bike_hh.cars_gr_3            |  0,0000000 |         |             |             |
| b_bike_hh.cars_gr_23           | -2,9961077 | 0,60606 |  -4,94357   | 0,00000 *** |
| asc_walk                       |  3,2413290 | 0,68268 |   4,74796   | 0,00000 *** |
| b_walk_p.age_group_agg_15_24   |  2,9827338 | 0,59191 |   5,03920   | 0,00000 *** |
| b_walk_p.female                | -1,0506986 | 0,42084 |  -2,49664   | 0,01254 *   |
| b_walk_hh.cars_gr_0            |  2,4409938 | 0,21970 |   11,11033  | 0,00000 *** |
| b_walk_hh.cars_gr_2            | -1,3947675 | 0,51943 |  -2,68517   | 0,00725 **  |
| b_walk_hh.cars_gr_3            | -2,6449390 | 0,54832 |  -4,82375   | 0,00000 *** |
| b_walk_hh.cars_gr_23           |  0,0000000 |         |             |             |
| b_car_time                     | -0,1895752 | 0,02857 |  -6,63645   | 0,00000 *** |
| b_pt_time                      | -0,0004869 | 0,00661 |  -0,07370   | 0,94125     |
| b_bike_cost                    | -0,1246998 | 0,01996 |  -6,24696   | 0,00000 *** |
| b_walk_cost                    | -0,0753867 | 0,00487 |  -15,49565  | 0,00000 *** |
| g_bike_stressLink              | -0,4018707 | 0,23124 |  -1,73787   | 0,08223 .   |
| g_walk_stressJct               |  3,0864577 | 2,13043 |   1,44875   | 0,14741     |


Iterations: 58

Start LL = 5390.275650349018
Final LL = 2147.3377271042723

BIKE DETOURS: min=1,00  25perc=1,00  med=1,00  mean=1,00  75perc=1,00  max=1,00
BIKE OVERLAP: min=1,00  25perc=1,00  med=1,00  mean=1,00  75perc=1,00  max=1,00
WALK DETOURS: min=1,00  25perc=1,00  med=1,00  mean=1,00  75perc=1,00  max=1,00
WALK OVERLAP: min=1,00  25perc=1,00  med=1,00  mean=1,00  75perc=1,00  max=1,00
