| COEFFICIENT NAME               | VALUE      | STD.ERR |  T.TEST     |  P.VAL      |
| asc_carD                       |  0,0000000 |         |             |             |
| b_carD_p.age_group_agg_5_14    |  0,0000000 |         |             |             |
| b_carD_p.age_group_agg_15_24   |  0,0000000 |         |             |             |
| b_carD_p.age_group_agg_40_69   |  0,0000000 |         |             |             |
| b_carD_p.age_group_agg_70      |  0,0000000 |         |             |             |
| b_carD_p.female                |  0,0000000 |         |             |             |
| b_carD_p.occupation_worker     |  0,0000000 |         |             |             |
| b_carD_hh.cars_gr_0            |  0,0000000 |         |             |             |
| b_carD_hh.cars_gr_2            |  0,0000000 |         |             |             |
| b_carD_hh.cars_gr_3            |  0,0000000 |         |             |             |
| b_carD_hh.income_agg_high      |  0,0000000 |         |             |             |
| b_carD_t.full_purpose_HBR      |  0,0000000 |         |             |             |
| b_carD_t.full_purpose_HBO      |  0,0000000 |         |             |             |
| asc_carP                       | -1,1797678 | 0,08529 |  -13,83178  | 0,00000 *** |
| b_carP_p.age_group_agg_5_14    |  0,0000000 |         |             |             |
| b_carP_p.age_group_agg_15_24   |  1,4582992 | 0,11803 |   12,35499  | 0,00000 *** |
| b_carP_p.age_group_agg_40_69   | -0,2226131 | 0,06945 |  -3,20535   | 0,00135 **  |
| b_carP_p.age_group_agg_70      | -0,1370450 | 0,08815 |  -1,55472   | 0,12001     |
| b_carP_p.female                |  1,2330943 | 0,05569 |   22,14075  | 0,00000 *** |
| b_carP_p.occupation_worker     | -0,5766418 | 0,06320 |  -9,12395   | 0,00000 *** |
| b_carP_hh.cars_gr_0            |  3,6632874 | 0,29723 |   12,32481  | 0,00000 *** |
| b_carP_hh.cars_gr_2            | -0,1597798 | 0,05852 |  -2,73035   | 0,00633 **  |
| b_carP_hh.cars_gr_3            | -0,3364343 | 0,09649 |  -3,48670   | 0,00049 *** |
| b_carP_hh.income_agg_high      |  0,0000000 |         |             |             |
| b_carP_t.full_purpose_HBR      |  0,4289220 | 0,05895 |   7,27664   | 0,00000 *** |
| b_carP_t.full_purpose_HBO      |  0,0000000 |         |             |             |
| asc_pt                         | -2,6885012 | 0,15134 |  -17,76519  | 0,00000 *** |
| b_pt_p.age_group_agg_5_14      | -1,1722704 | 0,17387 |  -6,74236   | 0,00000 *** |
| b_pt_p.age_group_agg_15_24     |  2,5728634 | 0,16395 |   15,69333  | 0,00000 *** |
| b_pt_p.age_group_agg_40_69     |  0,5740176 | 0,12267 |   4,67928   | 0,00000 *** |
| b_pt_p.age_group_agg_70        |  0,3294741 | 0,14277 |   2,30776   | 0,02101 *   |
| b_pt_p.female                  |  0,5149035 | 0,08293 |   6,20858   | 0,00000 *** |
| b_pt_p.occupation_worker       | -0,6183460 | 0,10485 |  -5,89742   | 0,00000 *** |
| b_pt_hh.cars_gr_0              |  6,1495808 | 0,29913 |   20,55793  | 0,00000 *** |
| b_pt_hh.cars_gr_2              | -0,7864506 | 0,11347 |  -6,93118   | 0,00000 *** |
| b_pt_hh.cars_gr_3              | -1,2969271 | 0,20647 |  -6,28150   | 0,00000 *** |
| b_pt_hh.income_agg_high        |  0,4589699 | 0,15302 |   2,99942   | 0,00270 **  |
| b_pt_t.full_purpose_HBR        |  0,3133298 | 0,09652 |   3,24611   | 0,00117 **  |
| b_pt_t.full_purpose_HBO        | -0,5497338 | 0,09482 |  -5,79741   | 0,00000 *** |
| asc_bike                       | -3,9690814 | 0,25588 |  -15,51179  | 0,00000 *** |
| b_bike_p.age_group_agg_5_14    | -0,9113172 | 0,38306 |  -2,37907   | 0,01736 *   |
| b_bike_p.age_group_agg_15_24   |  2,3106703 | 0,21051 |   10,97640  | 0,00000 *** |
| b_bike_p.age_group_agg_40_69   |  0,0000000 |         |             |             |
| b_bike_p.age_group_agg_70      | -1,5614418 | 0,38604 |  -4,04476   | 0,00005 *** |
| b_bike_p.female                | -0,9519925 | 0,20702 |  -4,59863   | 0,00000 *** |
| b_bike_p.occupation_worker     | -0,2212811 | 0,19357 |  -1,14316   | 0,25297     |
| b_bike_hh.cars_gr_0            |  5,8865120 | 0,33895 |   17,36705  | 0,00000 *** |
| b_bike_hh.cars_gr_2            | -0,9716067 | 0,24936 |  -3,89643   | 0,00010 *** |
| b_bike_hh.cars_gr_3            | -3,2604413 | 1,01826 |  -3,20196   | 0,00136 **  |
| b_bike_hh.income_agg_high      |  0,9508092 | 0,28807 |   3,30065   | 0,00096 *** |
| b_bike_t.full_purpose_HBR      |  1,7519339 | 0,20377 |   8,59752   | 0,00000 *** |
| b_bike_t.full_purpose_HBO      |  0,5882028 | 0,22075 |   2,66459   | 0,00771 **  |
| asc_walk                       |  1,4721252 | 0,11356 |   12,96365  | 0,00000 *** |
| b_walk_p.age_group_agg_5_14    | -0,7829840 | 0,21223 |  -3,68931   | 0,00022 *** |
| b_walk_p.age_group_agg_15_24   |  1,8240193 | 0,13775 |   13,24130  | 0,00000 *** |
| b_walk_p.age_group_agg_40_69   | -0,1206643 | 0,08421 |  -1,43293   | 0,15188     |
| b_walk_p.age_group_agg_70      | -0,8945487 | 0,13143 |  -6,80611   | 0,00000 *** |
| b_walk_p.female                |  0,2472149 | 0,06718 |   3,68003   | 0,00023 *** |
| b_walk_p.occupation_worker     | -0,3724134 | 0,08013 |  -4,64740   | 0,00000 *** |
| b_walk_hh.cars_gr_0            |  5,9434265 | 0,29845 |   19,91446  | 0,00000 *** |
| b_walk_hh.cars_gr_2            | -0,3793792 | 0,07928 |  -4,78558   | 0,00000 *** |
| b_walk_hh.cars_gr_3            | -0,7665751 | 0,13516 |  -5,67153   | 0,00000 *** |
| b_walk_hh.income_agg_high      |  0,4160708 | 0,11545 |   3,60399   | 0,00031 *** |
| b_walk_t.full_purpose_HBR      |  1,3200588 | 0,07761 |   17,00922  | 0,00000 *** |
| b_walk_t.full_purpose_HBO      |  0,1435348 | 0,07389 |   1,94258   | 0,05207 .   |
| b_car_time                     | -0,2233758 | 0,01132 |  -19,73873  | 0,00000 *** |
| b_pt_time                      | -0,0476919 | 0,00334 |  -14,28946  | 0,00000 *** |
| b_bike_cost                    | -0,0607310 | 0,00994 |  -6,10867   | 0,00000 *** |
| b_walk_cost                    | -0,0861332 | 0,00743 |  -11,59684  | 0,00000 *** |
| g_bike_grad                    |  56,9925590 | 24,95339 |   2,28396   | 0,02237 *   |
| g_bike_stressLink              |  1,2408081 | 0,64480 |   1,92432   | 0,05431 .   |
| g_bike_stressLink_c            |  6,4235544 | 3,46410 |   1,85432   | 0,06369 .   |
| g_walk_vgvi                    |  0,8022713 | 0,17477 |   4,59032   | 0,00000 *** |
| g_walk_stressJct               |  5,3063917 | 2,02385 |   2,62193   | 0,00874 **  |
| g_walk_speed                   |  0,4448758 | 0,22550 |   1,97282   | 0,04852 *   |
| g_walk_speed_c                 |  2,0444518 | 0,37715 |   5,42075   | 0,00000 *** |
| g_walk_speed_o                 |  0,3724305 | 0,12689 |   2,93497   | 0,00334 **  |


Iterations: 181

Start LL = 21249.943505112835
Final LL = 10966.575376983654

BIKE DETOURS: min=1,00  25perc=1,03  med=1,12  mean=1,18  75perc=1,24  max=3,88
BIKE OVERLAP: min=0,00  25perc=0,16  med=0,40  mean=0,47  75perc=0,77  max=1,00
WALK DETOURS: min=1,00  25perc=1,00  med=1,01  mean=1,04  75perc=1,05  max=1,61
WALK OVERLAP: min=0,00  25perc=0,34  med=0,71  mean=0,64  75perc=1,00  max=1,00
