| COEFFICIENT NAME               | VALUE      | STD.ERR |  T.TEST     |  P.VAL      |
| asc_carD                       |  0,0000000 |         |             |             |
| b_carD_p.age_group_agg_5_14    |  0,0000000 |         |             |             |
| b_carD_p.age_group_agg_15_24   |  0,0000000 |         |             |             |
| b_carD_p.age_group_agg_40_69   |  0,0000000 |         |             |             |
| b_carD_p.age_group_agg_70      |  0,0000000 |         |             |             |
| b_carD_p.female                |  0,0000000 |         |             |             |
| b_carD_p.occupation_worker     |  0,0000000 |         |             |             |
| b_carD_hh.cars_gr_0            |  0,0000000 |         |             |             |
| b_carD_hh.cars_gr_2            |  0,0000000 |         |             |             |
| b_carD_hh.cars_gr_3            |  0,0000000 |         |             |             |
| b_carD_hh.income_agg_high      |  0,0000000 |         |             |             |
| b_carD_t.full_purpose_HBR      |  0,0000000 |         |             |             |
| b_carD_t.full_purpose_HBO      |  0,0000000 |         |             |             |
| asc_carP                       | -1,1783814 | 0,08526 |  -13,82132  | 0,00000 *** |
| b_carP_p.age_group_agg_5_14    |  0,0000000 |         |             |             |
| b_carP_p.age_group_agg_15_24   |  1,4560555 | 0,11800 |   12,33922  | 0,00000 *** |
| b_carP_p.age_group_agg_40_69   | -0,2234142 | 0,06943 |  -3,21799   | 0,00129 **  |
| b_carP_p.age_group_agg_70      | -0,1363929 | 0,08812 |  -1,54776   | 0,12168     |
| b_carP_p.female                |  1,2318474 | 0,05568 |   22,12562  | 0,00000 *** |
| b_carP_p.occupation_worker     | -0,5758802 | 0,06320 |  -9,11258   | 0,00000 *** |
| b_carP_hh.cars_gr_0            |  3,6571263 | 0,29723 |   12,30412  | 0,00000 *** |
| b_carP_hh.cars_gr_2            | -0,1588327 | 0,05850 |  -2,71502   | 0,00663 **  |
| b_carP_hh.cars_gr_3            | -0,3363938 | 0,09648 |  -3,48671   | 0,00049 *** |
| b_carP_hh.income_agg_high      |  0,0000000 |         |             |             |
| b_carP_t.full_purpose_HBR      |  0,4272941 | 0,05893 |   7,25114   | 0,00000 *** |
| b_carP_t.full_purpose_HBO      |  0,0000000 |         |             |             |
| asc_pt                         | -2,6874268 | 0,15124 |  -17,76926  | 0,00000 *** |
| b_pt_p.age_group_agg_5_14      | -1,1798988 | 0,17398 |  -6,78184   | 0,00000 *** |
| b_pt_p.age_group_agg_15_24     |  2,5674984 | 0,16386 |   15,66895  | 0,00000 *** |
| b_pt_p.age_group_agg_40_69     |  0,5716367 | 0,12255 |   4,66454   | 0,00000 *** |
| b_pt_p.age_group_agg_70        |  0,3342344 | 0,14265 |   2,34306   | 0,01913 *   |
| b_pt_p.female                  |  0,5122168 | 0,08291 |   6,17774   | 0,00000 *** |
| b_pt_p.occupation_worker       | -0,6147373 | 0,10490 |  -5,86030   | 0,00000 *** |
| b_pt_hh.cars_gr_0              |  6,1444035 | 0,29910 |   20,54278  | 0,00000 *** |
| b_pt_hh.cars_gr_2              | -0,7857409 | 0,11351 |  -6,92212   | 0,00000 *** |
| b_pt_hh.cars_gr_3              | -1,2965425 | 0,20656 |  -6,27686   | 0,00000 *** |
| b_pt_hh.income_agg_high        |  0,4598127 | 0,15301 |   3,00513   | 0,00265 **  |
| b_pt_t.full_purpose_HBR        |  0,3086202 | 0,09650 |   3,19815   | 0,00138 **  |
| b_pt_t.full_purpose_HBO        | -0,5483095 | 0,09481 |  -5,78344   | 0,00000 *** |
| asc_bike                       | -4,1921076 | 0,25447 |  -16,47420  | 0,00000 *** |
| b_bike_p.age_group_agg_5_14    | -0,3902294 | 0,37385 |  -1,04380   | 0,29658     |
| b_bike_p.age_group_agg_15_24   |  2,3208890 | 0,21087 |   11,00607  | 0,00000 *** |
| b_bike_p.age_group_agg_40_69   |  0,0000000 |         |             |             |
| b_bike_p.age_group_agg_70      | -1,5920066 | 0,38632 |  -4,12100   | 0,00004 *** |
| b_bike_p.female                | -0,9613677 | 0,20726 |  -4,63843   | 0,00000 *** |
| b_bike_p.occupation_worker     | -0,2036968 | 0,19347 |  -1,05287   | 0,29240     |
| b_bike_hh.cars_gr_0            |  5,9192790 | 0,33889 |   17,46668  | 0,00000 *** |
| b_bike_hh.cars_gr_2            | -0,9634192 | 0,25051 |  -3,84585   | 0,00012 *** |
| b_bike_hh.cars_gr_3            | -3,2162948 | 1,01840 |  -3,15817   | 0,00159 **  |
| b_bike_hh.income_agg_high      |  0,8858437 | 0,28857 |   3,06974   | 0,00214 **  |
| b_bike_t.full_purpose_HBR      |  1,7230421 | 0,20393 |   8,44905   | 0,00000 *** |
| b_bike_t.full_purpose_HBO      |  0,5774597 | 0,22118 |   2,61084   | 0,00903 **  |
| asc_walk                       |  1,4291191 | 0,11229 |   12,72738  | 0,00000 *** |
| b_walk_p.age_group_agg_5_14    | -0,9096088 | 0,19965 |  -4,55608   | 0,00001 *** |
| b_walk_p.age_group_agg_15_24   |  1,8239312 | 0,13762 |   13,25372  | 0,00000 *** |
| b_walk_p.age_group_agg_40_69   | -0,1267322 | 0,08415 |  -1,50597   | 0,13207     |
| b_walk_p.age_group_agg_70      | -0,9046449 | 0,13061 |  -6,92630   | 0,00000 *** |
| b_walk_p.female                |  0,2523394 | 0,06710 |   3,76066   | 0,00017 *** |
| b_walk_p.occupation_worker     | -0,3705154 | 0,07996 |  -4,63349   | 0,00000 *** |
| b_walk_hh.cars_gr_0            |  5,9425415 | 0,29840 |   19,91468  | 0,00000 *** |
| b_walk_hh.cars_gr_2            | -0,3882409 | 0,07915 |  -4,90511   | 0,00000 *** |
| b_walk_hh.cars_gr_3            | -0,7680118 | 0,13522 |  -5,67959   | 0,00000 *** |
| b_walk_hh.income_agg_high      |  0,4015526 | 0,11545 |   3,47809   | 0,00050 *** |
| b_walk_t.full_purpose_HBR      |  1,3285693 | 0,07756 |   17,12893  | 0,00000 *** |
| b_walk_t.full_purpose_HBO      |  0,1439711 | 0,07368 |   1,95409   | 0,05069 .   |
| b_car_time                     | -0,2247260 | 0,01143 |  -19,65445  | 0,00000 *** |
| b_pt_time                      | -0,0479861 | 0,00337 |  -14,25247  | 0,00000 *** |
| b_bike_cost                    | -0,0516803 | 0,02447 |  -2,11165   | 0,03472 *   |
| b_walk_cost                    | -0,1113627 | 0,01017 |  -10,94839  | 0,00000 *** |
| g_bike_grad                    |  46,6742000 | 29,73546 |   1,56965   | 0,11650     |
| g_bike_stressLink              |  0,8148873 | 0,91919 |   0,88653   | 0,37533     |
| g_bike_stressLink_c            |  5,1892495 | 2,83202 |   1,83235   | 0,06690 .   |
| g_walk_vgvi                    |  0,5222054 | 0,14503 |   3,60078   | 0,00032 *** |
| g_walk_stressJct               |  4,0741198 | 1,13693 |   3,58343   | 0,00034 *** |
| g_walk_speed                   | -0,0951527 | 0,15758 |  -0,60385   | 0,54594     |
| g_walk_speed_c                 |  1,2679077 | 0,23655 |   5,36010   | 0,00000 *** |
| g_walk_speed_o                 |  0,2721228 | 0,08915 |   3,05236   | 0,00227 **  |


Iterations: 126

LL0 = 21408.93873922624
Start LL = 20883.378805746383 *Due to different starting value fofr bike BE coefficients
Final LL = 10974.54297752567
