| COEFFICIENT NAME               | VALUE      | STD.ERR |  T.TEST     |  P.VAL      |
| asc_carD                       |  0,0000000 |         |             |             |
| b_carD_p.age_group_agg_15_24   |  0,0000000 |         |             |             |
| b_carD_p.female                |  0,0000000 |         |             |             |
| b_carD_hh.cars_gr_0            |  0,0000000 |         |             |             |
| b_carD_hh.cars_gr_2            |  0,0000000 |         |             |             |
| b_carD_hh.cars_gr_3            |  0,0000000 |         |             |             |
| b_carD_hh.cars_gr_23           |  0,0000000 |         |             |             |
| asc_carP                       |  1,5195176 | 0,66354 |   2,29003   | 0,02202 *   |
| b_carP_p.age_group_agg_15_24   |  1,2818358 | 0,58487 |   2,19165   | 0,02841 *   |
| b_carP_p.female                | -1,1099250 | 0,41886 |  -2,64990   | 0,00805 **  |
| b_carP_hh.cars_gr_0            |  0,0000000 |         |             |             |
| b_carP_hh.cars_gr_2            | -1,1144061 | 0,51829 |  -2,15016   | 0,03154 *   |
| b_carP_hh.cars_gr_3            | -2,3255169 | 0,53638 |  -4,33559   | 0,00001 *** |
| b_carP_hh.cars_gr_23           |  0,0000000 |         |             |             |
| asc_pt                         | -0,9517007 | 0,68793 |  -1,38343   | 0,16653     |
| b_pt_p.age_group_agg_15_24     |  3,1405721 | 0,57362 |   5,47504   | 0,00000 *** |
| b_pt_p.female                  | -0,4800787 | 0,39480 |  -1,21600   | 0,22398     |
| b_pt_hh.cars_gr_0              |  2,5472586 | 0,24184 |   10,53297  | 0,00000 *** |
| b_pt_hh.cars_gr_2              | -1,4615104 | 0,51923 |  -2,81477   | 0,00488 **  |
| b_pt_hh.cars_gr_3              | -2,9659364 | 0,54073 |  -5,48504   | 0,00000 *** |
| b_pt_hh.cars_gr_23             |  0,0000000 |         |             |             |
| asc_bike                       | -0,3745745 | 0,71559 |  -0,52345   | 0,60066     |
| b_bike_p.age_group_agg_15_24   |  4,6735824 | 0,63638 |   7,34398   | 0,00000 *** |
| b_bike_p.female                | -2,6228995 | 0,51595 |  -5,08363   | 0,00000 *** |
| b_bike_hh.cars_gr_0            |  2,2370377 | 0,31323 |   7,14181   | 0,00000 *** |
| b_bike_hh.cars_gr_2            |  0,0000000 |         |             |             |
| b_bike_hh.cars_gr_3            |  0,0000000 |         |             |             |
| b_bike_hh.cars_gr_23           | -2,7492917 | 0,61106 |  -4,49925   | 0,00001 *** |
| asc_walk                       |  3,3924856 | 0,67428 |   5,03130   | 0,00000 *** |
| b_walk_p.age_group_agg_15_24   |  3,1760138 | 0,59312 |   5,35477   | 0,00000 *** |
| b_walk_p.female                | -0,9884666 | 0,42313 |  -2,33611   | 0,01949 *   |
| b_walk_hh.cars_gr_0            |  2,5056932 | 0,22224 |   11,27447  | 0,00000 *** |
| b_walk_hh.cars_gr_2            | -1,3425092 | 0,52265 |  -2,56868   | 0,01021 *   |
| b_walk_hh.cars_gr_3            | -2,5705879 | 0,54945 |  -4,67844   | 0,00000 *** |
| b_walk_hh.cars_gr_23           |  0,0000000 |         |             |             |
| b_car_time                     | -0,2769628 | 0,03151 |  -8,78894   | 0,00000 *** |
| b_pt_time                      | -0,0187451 | 0,00714 |  -2,62451   | 0,00868 **  |
| b_bike_cost                    | -0,1638523 | 0,02648 |  -6,18664   | 0,00000 *** |
| b_walk_cost                    | -0,1387728 | 0,00786 |  -17,65014  | 0,00000 *** |
| g_bike_stressLink              |  2,5030636 | 0,92572 |   2,70390   | 0,00685 **  |
| g_walk_stressJct               |  0,7593178 | 1,61394 |   0,47047   | 0,63802     |


Iterations: 88

Start LL = 4864.317465400571
Final LL = 2086.6751548074826

BIKE DETOURS: min=1,00  25perc=1,04  med=1,17  mean=1,22  75perc=1,34  max=2,77
BIKE OVERLAP: min=0,00  25perc=0,16  med=0,39  mean=0,46  75perc=0,76  max=1,00
WALK DETOURS: min=1,00  25perc=1,00  med=1,00  mean=1,00  75perc=1,00  max=1,05
WALK OVERLAP: min=0,03  25perc=0,97  med=1,00  mean=0,95  75perc=1,00  max=1,00
