| COEFFICIENT NAME               | VALUE      | STD.ERR |  T.TEST     |  P.VAL      |
| asc_carD                       |  0,0000000 |         |             |             |
| b_carD_p.age_group_agg_15_24   |  0,0000000 |         |             |             |
| b_carD_p.age_group_agg_40_54   |  0,0000000 |         |             |             |
| b_carD_p.age_55up              |  0,0000000 |         |             |             |
| b_carD_p.female                |  0,0000000 |         |             |             |
| b_carD_hh.cars_gr_0            |  0,0000000 |         |             |             |
| b_carD_hh.cars_gr_2            |  0,0000000 |         |             |             |
| b_carD_hh.cars_gr_3            |  0,0000000 |         |             |             |
| b_carD_hh.income_agg_high      |  0,0000000 |         |             |             |
| asc_carP                       | -2,2590387 | 0,12812 |  -17,63153  | 0,00000 *** |
| b_carP_p.age_group_agg_15_24   |  1,2472798 | 0,17397 |   7,16940   | 0,00000 *** |
| b_carP_p.age_group_agg_40_54   | -0,4086095 | 0,15474 |  -2,64059   | 0,00828 **  |
| b_carP_p.age_55up              |  0,0000000 |         |             |             |
| b_carP_p.female                |  0,8247711 | 0,13357 |   6,17466   | 0,00000 *** |
| b_carP_hh.cars_gr_0            |  4,2100805 | 0,52974 |   7,94748   | 0,00000 *** |
| b_carP_hh.cars_gr_2            | -1,3641143 | 0,16203 |  -8,41868   | 0,00000 *** |
| b_carP_hh.cars_gr_3            | -1,8636629 | 0,26663 |  -6,98966   | 0,00000 *** |
| b_carP_hh.income_agg_high      |  0,2465624 | 0,19171 |   1,28615   | 0,19839     |
| asc_pt                         | -1,2501204 | 0,14282 |  -8,75285   | 0,00000 *** |
| b_pt_p.age_group_agg_15_24     |  1,1194972 | 0,14763 |   7,58297   | 0,00000 *** |
| b_pt_p.age_group_agg_40_54     | -0,4077283 | 0,11798 |  -3,45604   | 0,00055 *** |
| b_pt_p.age_55up                | -0,5331083 | 0,15403 |  -3,46097   | 0,00054 *** |
| b_pt_p.female                  |  0,4456514 | 0,10103 |   4,41105   | 0,00001 *** |
| b_pt_hh.cars_gr_0              |  5,4200126 | 0,51003 |   10,62691  | 0,00000 *** |
| b_pt_hh.cars_gr_2              | -1,5876937 | 0,12635 |  -12,56577  | 0,00000 *** |
| b_pt_hh.cars_gr_3              | -2,1149625 | 0,21220 |  -9,96663   | 0,00000 *** |
| b_pt_hh.income_agg_high        |  0,4362590 | 0,14041 |   3,10694   | 0,00189 **  |
| asc_bike                       | -0,3366659 | 0,18820 |  -1,78883   | 0,07364 .   |
| b_bike_p.age_group_agg_15_24   |  1,2078966 | 0,18966 |   6,36889   | 0,00000 *** |
| b_bike_p.age_group_agg_40_54   | -0,6876408 | 0,18793 |  -3,65895   | 0,00025 *** |
| b_bike_p.age_55up              | -1,2672122 | 0,29135 |  -4,34944   | 0,00001 *** |
| b_bike_p.female                | -0,6745809 | 0,26551 |  -2,54074   | 0,01106 *   |
| b_bike_hh.cars_gr_0            |  5,3111150 | 0,52392 |   10,13735  | 0,00000 *** |
| b_bike_hh.cars_gr_2            | -1,5905424 | 0,22459 |  -7,08205   | 0,00000 *** |
| b_bike_hh.cars_gr_3            | -1,8917001 | 0,34910 |  -5,41885   | 0,00000 *** |
| b_bike_hh.income_agg_high      |  0,6849208 | 0,23432 |   2,92300   | 0,00347 **  |
| asc_walk                       |  2,3723051 | 0,16642 |   14,25529  | 0,00000 *** |
| b_walk_p.age_group_agg_15_24   |  1,3929380 | 0,17251 |   8,07470   | 0,00000 *** |
| b_walk_p.age_group_agg_40_54   |  0,0000000 |         |             |             |
| b_walk_p.age_55up              |  0,0000000 |         |             |             |
| b_walk_p.female                | -0,2222010 | 0,13095 |  -1,69679   | 0,08974 .   |
| b_walk_hh.cars_gr_0            |  5,4395862 | 0,52407 |   10,37945  | 0,00000 *** |
| b_walk_hh.cars_gr_2            | -1,1372591 | 0,16625 |  -6,84070   | 0,00000 *** |
| b_walk_hh.cars_gr_3            | -1,6781166 | 0,25071 |  -6,69354   | 0,00000 *** |
| b_walk_hh.income_agg_high      |  0,2685440 | 0,22531 |   1,19189   | 0,23330     |
| b_car_time                     | -0,1601747 | 0,01234 |  -12,98258  | 0,00000 *** |
| b_pt_time                      | -0,0369026 | 0,00344 |  -10,71244  | 0,00000 *** |
| b_bike_cost                    | -0,0690465 | 0,00803 |  -8,60175   | 0,00000 *** |
| b_walk_cost                    | -0,1048563 | 0,01043 |  -10,05635  | 0,00000 *** |
| g_bike_grad                    |  34,7405312 | 15,93863 |   2,17964   | 0,02928 *   |
| g_bike_stressLink              |  2,1308110 | 0,66648 |   3,19709   | 0,00139 **  |
| g_bike_stressLink_f            |  2,2669405 | 1,51527 |   1,49607   | 0,13464     |
| g_walk_vgvi                    |  0,3408560 | 0,22378 |   1,52315   | 0,12772     |
| g_walk_stressJct               |  4,5813941 | 3,16119 |   1,44926   | 0,14726     |


Iterations: 129

Start LL = 7175.705063219666
Final LL = 3629.33393588869

BIKE DETOURS: min=1,00  25perc=1,18  med=1,30  mean=1,33  75perc=1,44  max=2,54
BIKE OVERLAP: min=0,00  25perc=0,05  med=0,14  mean=0,24  75perc=0,34  max=1,00
WALK DETOURS: min=1,00  25perc=1,00  med=1,01  mean=1,01  75perc=1,02  max=1,16
WALK OVERLAP: min=0,00  25perc=0,50  med=0,77  mean=0,69  75perc=0,94  max=1,00
