| COEFFICIENT NAME               | VALUE      | STD.ERR |  T.TEST     |  P.VAL      |
| asc_carD                       |  0,0000000 |         |             |             |
| b_carD_p.age_group_agg_5_14    |  0,0000000 |         |             |             |
| b_carD_p.age_group_agg_15_24   |  0,0000000 |         |             |             |
| b_carD_p.age_group_agg_40_69   |  0,0000000 |         |             |             |
| b_carD_p.age_group_agg_70      |  0,0000000 |         |             |             |
| b_carD_p.female                |  0,0000000 |         |             |             |
| b_carD_p.occupation_worker     |  0,0000000 |         |             |             |
| b_carD_p.disability_lot        |  0,0000000 |         |             |             |
| b_carD_hh.cars_gr_0            |  0,0000000 |         |             |             |
| b_carD_hh.cars_gr_2            |  0,0000000 |         |             |             |
| b_carD_hh.cars_gr_3            |  0,0000000 |         |             |             |
| b_carD_hh.income_agg_high      |  0,0000000 |         |             |             |
| b_carD_t.full_purpose_HBR      |  0,0000000 |         |             |             |
| b_carD_t.full_purpose_HBO      |  0,0000000 |         |             |             |
| asc_carP                       | -1,2937614 | 0,08698 |  -14,87428  | 0,00000 *** |
| b_carP_p.age_group_agg_5_14    |  0,0000000 |         |             |             |
| b_carP_p.age_group_agg_15_24   |  1,4911711 | 0,11830 |   12,60511  | 0,00000 *** |
| b_carP_p.age_group_agg_40_69   | -0,2478770 | 0,06984 |  -3,54942   | 0,00039 *** |
| b_carP_p.age_group_agg_70      | -0,1790066 | 0,08893 |  -2,01280   | 0,04414 *   |
| b_carP_p.female                |  1,2536404 | 0,05613 |   22,33326  | 0,00000 *** |
| b_carP_p.occupation_worker     | -0,4951133 | 0,06437 |  -7,69198   | 0,00000 *** |
| b_carP_p.disability_lot        |  0,7257509 | 0,09600 |   7,55981   | 0,00000 *** |
| b_carP_hh.cars_gr_0            |  3,5678302 | 0,29424 |   12,12538  | 0,00000 *** |
| b_carP_hh.cars_gr_2            | -0,1276129 | 0,05870 |  -2,17390   | 0,02971 *   |
| b_carP_hh.cars_gr_3            | -0,3122603 | 0,09689 |  -3,22286   | 0,00127 **  |
| b_carP_hh.income_agg_high      |  0,0000000 |         |             |             |
| b_carP_t.full_purpose_HBR      |  0,4561021 | 0,05902 |   7,72798   | 0,00000 *** |
| b_carP_t.full_purpose_HBO      |  0,0000000 |         |             |             |
| asc_pt                         | -2,6750172 | 0,15251 |  -17,53961  | 0,00000 *** |
| b_pt_p.age_group_agg_5_14      | -1,2614686 | 0,17549 |  -7,18845   | 0,00000 *** |
| b_pt_p.age_group_agg_15_24     |  2,5719321 | 0,16487 |   15,59945  | 0,00000 *** |
| b_pt_p.age_group_agg_40_69     |  0,5823229 | 0,12374 |   4,70615   | 0,00000 *** |
| b_pt_p.age_group_agg_70        |  0,3773737 | 0,14358 |   2,62827   | 0,00858 **  |
| b_pt_p.female                  |  0,5077453 | 0,08326 |   6,09806   | 0,00000 *** |
| b_pt_p.occupation_worker       | -0,6268629 | 0,10626 |  -5,89943   | 0,00000 *** |
| b_pt_p.disability_lot          | -0,2483730 | 0,14855 |  -1,67196   | 0,09453 .   |
| b_pt_hh.cars_gr_0              |  6,1529453 | 0,29654 |   20,74883  | 0,00000 *** |
| b_pt_hh.cars_gr_2              | -0,7858535 | 0,11372 |  -6,91014   | 0,00000 *** |
| b_pt_hh.cars_gr_3              | -1,2910548 | 0,20680 |  -6,24287   | 0,00000 *** |
| b_pt_hh.income_agg_high        |  0,4599750 | 0,15359 |   2,99477   | 0,00275 **  |
| b_pt_t.full_purpose_HBR        |  0,3255281 | 0,09688 |   3,36026   | 0,00078 *** |
| b_pt_t.full_purpose_HBO        | -0,5211195 | 0,09541 |  -5,46214   | 0,00000 *** |
| asc_bike                       | -3,8078335 | 0,25620 |  -14,86296  | 0,00000 *** |
| b_bike_p.age_group_agg_5_14    | -1,4131979 | 0,37290 |  -3,78974   | 0,00015 *** |
| b_bike_p.age_group_agg_15_24   |  2,1578295 | 0,21377 |   10,09430  | 0,00000 *** |
| b_bike_p.age_group_agg_40_69   |  0,0000000 |         |             |             |
| b_bike_p.age_group_agg_70      | -1,5183160 | 0,38325 |  -3,96167   | 0,00007 *** |
| b_bike_p.female                | -1,0057604 | 0,20732 |  -4,85132   | 0,00000 *** |
| b_bike_p.occupation_worker     | -0,3975203 | 0,19572 |  -2,03104   | 0,04225 *   |
| b_bike_p.disability_lot        | -2,7311497 | 0,72600 |  -3,76191   | 0,00017 *** |
| b_bike_hh.cars_gr_0            |  5,9979304 | 0,33667 |   17,81553  | 0,00000 *** |
| b_bike_hh.cars_gr_2            | -0,9709695 | 0,24887 |  -3,90152   | 0,00010 *** |
| b_bike_hh.cars_gr_3            | -3,1860310 | 0,98507 |  -3,23433   | 0,00122 **  |
| b_bike_hh.income_agg_high      |  0,9313502 | 0,28874 |   3,22560   | 0,00126 **  |
| b_bike_t.full_purpose_HBR      |  1,8206778 | 0,20447 |   8,90426   | 0,00000 *** |
| b_bike_t.full_purpose_HBO      |  0,6673146 | 0,22087 |   3,02134   | 0,00252 **  |
| asc_walk                       |  1,6415435 | 0,11552 |   14,20982  | 0,00000 *** |
| b_walk_p.age_group_agg_5_14    | -2,0253799 | 0,12858 |  -15,75233  | 0,00000 *** |
| b_walk_p.age_group_agg_15_24   |  1,8012672 | 0,13922 |   12,93856  | 0,00000 *** |
| b_walk_p.age_group_agg_40_69   | -0,1302564 | 0,08436 |  -1,54408   | 0,12257     |
| b_walk_p.age_group_agg_70      | -1,0888296 | 0,11715 |  -9,29464   | 0,00000 *** |
| b_walk_p.female                |  0,2191801 | 0,06799 |   3,22369   | 0,00127 **  |
| b_walk_p.occupation_worker     | -0,3876509 | 0,08037 |  -4,82319   | 0,00000 *** |
| b_walk_p.disability_lot        |  0,1110636 | 0,26829 |   0,41397   | 0,67890     |
| b_walk_hh.cars_gr_0            |  6,0469497 | 0,29619 |   20,41552  | 0,00000 *** |
| b_walk_hh.cars_gr_2            | -0,4119574 | 0,07922 |  -5,20016   | 0,00000 *** |
| b_walk_hh.cars_gr_3            | -0,7688477 | 0,13509 |  -5,69156   | 0,00000 *** |
| b_walk_hh.income_agg_high      |  0,3897430 | 0,11413 |   3,41484   | 0,00064 *** |
| b_walk_t.full_purpose_HBR      |  1,3303850 | 0,07778 |   17,10418  | 0,00000 *** |
| b_walk_t.full_purpose_HBO      |  0,1972653 | 0,07419 |   2,65879   | 0,00784 **  |
| b_car_time                     | -0,2276755 | 0,01143 |  -19,91362  | 0,00000 *** |
| b_pt_time                      | -0,0493012 | 0,00338 |  -14,57159  | 0,00000 *** |
| b_bike_cost                    | -0,0649074 | 0,00995 |  -6,52338   | 0,00000 *** |
| b_walk_cost                    | -0,1153151 | 0,00844 |  -13,66618  | 0,00000 *** |
| g_bike_grad                    |  51,8496453 | 23,23912 |   2,23114   | 0,02567 *   |
| g_bike_stressLink              |  1,1337578 | 0,57549 |   1,97009   | 0,04883 *   |
| g_bike_stressLink_c            |  4,1040501 | 2,55179 |   1,60830   | 0,10777     |
| g_walk_vgvi                    |  0,5499443 | 0,12145 |   4,52803   | 0,00001 *** |
| g_walk_stressJct               |  8,4911153 | 1,75001 |   4,85205   | 0,00000 *** |
| g_walk_stressJct_d             |  11,4482961 | 7,94161 |   1,44156   | 0,14943     |
| g_walk_speed                   | -0,1660576 | 0,13524 |  -1,22792   | 0,21948     |
| g_walk_speed_d                 |  0,7226689 | 0,34470 |   2,09652   | 0,03604 *   |


Iterations: 121

Start LL = 21249.943505112835
Final LL = 10883.19046089911

BIKE DETOURS: min=1,00  25perc=1,03  med=1,11  mean=1,16  75perc=1,22  max=3,22
BIKE OVERLAP: min=0,00  25perc=0,17  med=0,42  mean=0,48  75perc=0,79  max=1,00
WALK DETOURS: min=1,00  25perc=1,00  med=1,01  mean=1,03  75perc=1,04  max=1,66
WALK OVERLAP: min=0,00  25perc=0,43  med=0,77  mean=0,68  75perc=1,00  max=1,00
