| COEFFICIENT NAME               | VALUE      | STD.ERR |  T.TEST     |  P.VAL      |
| asc_carD                       |  0,0000000 |         |             |             |
| b_carD_p.age_group_agg_5_14    |  0,0000000 |         |             |             |
| b_carD_p.age_group_agg_15_24   |  0,0000000 |         |             |             |
| b_carD_p.age_group_agg_40_69   |  0,0000000 |         |             |             |
| b_carD_p.age_group_agg_70      |  0,0000000 |         |             |             |
| b_carD_p.female                |  0,0000000 |         |             |             |
| b_carD_p.occupation_worker     |  0,0000000 |         |             |             |
| b_carD_p.disability_lot        |  0,0000000 |         |             |             |
| b_carD_hh.cars_gr_0            |  0,0000000 |         |             |             |
| b_carD_hh.cars_gr_2            |  0,0000000 |         |             |             |
| b_carD_hh.cars_gr_3            |  0,0000000 |         |             |             |
| b_carD_hh.income_agg_high      |  0,0000000 |         |             |             |
| b_carD_t.full_purpose_HBR      |  0,0000000 |         |             |             |
| b_carD_t.full_purpose_HBO      |  0,0000000 |         |             |             |
| asc_carP                       | -1,2939890 | 0,08693 |  -14,88554  | 0,00000 *** |
| b_carP_p.age_group_agg_5_14    |  0,0000000 |         |             |             |
| b_carP_p.age_group_agg_15_24   |  1,4934998 | 0,11827 |   12,62782  | 0,00000 *** |
| b_carP_p.age_group_agg_40_69   | -0,2473205 | 0,06981 |  -3,54281   | 0,00040 *** |
| b_carP_p.age_group_agg_70      | -0,1758401 | 0,08890 |  -1,97795   | 0,04793 *   |
| b_carP_p.female                |  1,2524011 | 0,05611 |   22,32050  | 0,00000 *** |
| b_carP_p.occupation_worker     | -0,4937795 | 0,06436 |  -7,67230   | 0,00000 *** |
| b_carP_p.disability_lot        |  0,7210920 | 0,09596 |   7,51470   | 0,00000 *** |
| b_carP_hh.cars_gr_0            |  3,5879501 | 0,29745 |   12,06242  | 0,00000 *** |
| b_carP_hh.cars_gr_2            | -0,1274224 | 0,05870 |  -2,17092   | 0,02994 *   |
| b_carP_hh.cars_gr_3            | -0,3112332 | 0,09686 |  -3,21333   | 0,00131 **  |
| b_carP_hh.income_agg_high      |  0,0000000 |         |             |             |
| b_carP_t.full_purpose_HBR      |  0,4548432 | 0,05901 |   7,70835   | 0,00000 *** |
| b_carP_t.full_purpose_HBO      |  0,0000000 |         |             |             |
| asc_pt                         | -2,6831979 | 0,15221 |  -17,62852  | 0,00000 *** |
| b_pt_p.age_group_agg_5_14      | -1,2646771 | 0,17537 |  -7,21154   | 0,00000 *** |
| b_pt_p.age_group_agg_15_24     |  2,5779342 | 0,16460 |   15,66179  | 0,00000 *** |
| b_pt_p.age_group_agg_40_69     |  0,5842980 | 0,12342 |   4,73422   | 0,00000 *** |
| b_pt_p.age_group_agg_70        |  0,3837861 | 0,14329 |   2,67832   | 0,00740 **  |
| b_pt_p.female                  |  0,5058887 | 0,08314 |   6,08462   | 0,00000 *** |
| b_pt_p.occupation_worker       | -0,6197959 | 0,10611 |  -5,84132   | 0,00000 *** |
| b_pt_p.disability_lot          | -0,2581387 | 0,14845 |  -1,73887   | 0,08206 .   |
| b_pt_hh.cars_gr_0              |  6,1760185 | 0,29970 |   20,60741  | 0,00000 *** |
| b_pt_hh.cars_gr_2              | -0,7822297 | 0,11356 |  -6,88849   | 0,00000 *** |
| b_pt_hh.cars_gr_3              | -1,2917295 | 0,20661 |  -6,25188   | 0,00000 *** |
| b_pt_hh.income_agg_high        |  0,4600570 | 0,15330 |   3,00096   | 0,00269 **  |
| b_pt_t.full_purpose_HBR        |  0,3284717 | 0,09671 |   3,39638   | 0,00068 *** |
| b_pt_t.full_purpose_HBO        | -0,5209700 | 0,09529 |  -5,46740   | 0,00000 *** |
| asc_bike                       | -4,0582540 | 0,25594 |  -15,85616  | 0,00000 *** |
| b_bike_p.age_group_agg_5_14    | -0,8441038 | 0,35981 |  -2,34597   | 0,01898 *   |
| b_bike_p.age_group_agg_15_24   |  2,1890976 | 0,21428 |   10,21605  | 0,00000 *** |
| b_bike_p.age_group_agg_40_69   |  0,0000000 |         |             |             |
| b_bike_p.age_group_agg_70      | -1,5526384 | 0,38728 |  -4,00908   | 0,00006 *** |
| b_bike_p.female                | -1,0191199 | 0,20817 |  -4,89568   | 0,00000 *** |
| b_bike_p.occupation_worker     | -0,3830338 | 0,19573 |  -1,95698   | 0,05035 .   |
| b_bike_p.disability_lot        | -2,7842069 | 0,73424 |  -3,79194   | 0,00015 *** |
| b_bike_hh.cars_gr_0            |  6,0755887 | 0,33967 |   17,88659  | 0,00000 *** |
| b_bike_hh.cars_gr_2            | -0,9617526 | 0,25043 |  -3,84038   | 0,00012 *** |
| b_bike_hh.cars_gr_3            | -3,2219806 | 1,01830 |  -3,16408   | 0,00156 **  |
| b_bike_hh.income_agg_high      |  0,8855228 | 0,28910 |   3,06308   | 0,00219 **  |
| b_bike_t.full_purpose_HBR      |  1,8173019 | 0,20557 |   8,84044   | 0,00000 *** |
| b_bike_t.full_purpose_HBO      |  0,6647557 | 0,22217 |   2,99211   | 0,00277 **  |
| asc_walk                       |  1,5436327 | 0,11363 |   13,58416  | 0,00000 *** |
| b_walk_p.age_group_agg_5_14    | -2,0092070 | 0,12842 |  -15,64567  | 0,00000 *** |
| b_walk_p.age_group_agg_15_24   |  1,8153052 | 0,13928 |   13,03336  | 0,00000 *** |
| b_walk_p.age_group_agg_40_69   | -0,1241148 | 0,08437 |  -1,47109   | 0,14127     |
| b_walk_p.age_group_agg_70      | -1,0635308 | 0,11696 |  -9,09302   | 0,00000 *** |
| b_walk_p.female                |  0,2330056 | 0,06787 |   3,43294   | 0,00060 *** |
| b_walk_p.occupation_worker     | -0,3839868 | 0,08025 |  -4,78481   | 0,00000 *** |
| b_walk_p.disability_lot        | -0,0877729 | 0,23795 |  -0,36887   | 0,71223     |
| b_walk_hh.cars_gr_0            |  6,0506172 | 0,29926 |   20,21881  | 0,00000 *** |
| b_walk_hh.cars_gr_2            | -0,4022488 | 0,07919 |  -5,07960   | 0,00000 *** |
| b_walk_hh.cars_gr_3            | -0,7532771 | 0,13537 |  -5,56469   | 0,00000 *** |
| b_walk_hh.income_agg_high      |  0,4005175 | 0,11435 |   3,50250   | 0,00046 *** |
| b_walk_t.full_purpose_HBR      |  1,3473210 | 0,07791 |   17,29426  | 0,00000 *** |
| b_walk_t.full_purpose_HBO      |  0,1938974 | 0,07399 |   2,62059   | 0,00878 **  |
| b_car_time                     | -0,2255675 | 0,01149 |  -19,63048  | 0,00000 *** |
| b_pt_time                      | -0,0486737 | 0,00339 |  -14,35075  | 0,00000 *** |
| b_bike_cost                    | -0,0543744 | 0,02469 |  -2,20262   | 0,02762 *   |
| b_walk_cost                    | -0,1106002 | 0,01021 |  -10,83091  | 0,00000 *** |
| g_bike_grad                    |  44,9387108 | 27,86250 |   1,61287   | 0,10677     |
| g_bike_stressLink              |  0,7458874 | 0,85306 |   0,87437   | 0,38192     |
| g_bike_stressLink_c            |  4,2917778 | 2,31927 |   1,85049   | 0,06424 .   |
| g_walk_vgvi                    |  0,4984612 | 0,14629 |   3,40738   | 0,00066 *** |
| g_walk_stressJct               |  3,6492697 | 1,14034 |   3,20017   | 0,00137 **  |
| g_walk_speed                   |  0,0994939 | 0,17261 |   0,57642   | 0,56433     |
| g_walk_speed_d                 |  0,9688859 | 0,28496 |   3,40006   | 0,00067 *** |


Iterations: 144

Start LL = 21249.943505112835
Final LL = 10894.266310768442

BIKE DETOURS: min=1,00  25perc=1,00  med=1,00  mean=1,00  75perc=1,00  max=1,00
BIKE OVERLAP: min=1,00  25perc=1,00  med=1,00  mean=1,00  75perc=1,00  max=1,00
WALK DETOURS: min=1,00  25perc=1,00  med=1,00  mean=1,00  75perc=1,00  max=1,00
WALK OVERLAP: min=1,00  25perc=1,00  med=1,00  mean=1,00  75perc=1,00  max=1,00
