| COEFFICIENT NAME               | VALUE      | STD.ERR |  T.TEST     |  P.VAL      |
| asc_carD                       |  0,0000000 |         |             |             |
| b_carD_p.age_group_agg_5_14    |  0,0000000 |         |             |             |
| b_carD_p.age_group_agg_15_24   |  0,0000000 |         |             |             |
| b_carD_p.age_group_agg_40_69   |  0,0000000 |         |             |             |
| b_carD_p.age_group_agg_70      |  0,0000000 |         |             |             |
| b_carD_p.female                |  0,0000000 |         |             |             |
| b_carD_p.occupation_worker     |  0,0000000 |         |             |             |
| b_carD_p.disability_lot        |  0,0000000 |         |             |             |
| b_carD_hh.cars_gr_0            |  0,0000000 |         |             |             |
| b_carD_hh.cars_gr_2            |  0,0000000 |         |             |             |
| b_carD_hh.cars_gr_3            |  0,0000000 |         |             |             |
| b_carD_hh.income_agg_high      |  0,0000000 |         |             |             |
| b_carD_t.full_purpose_HBR      |  0,0000000 |         |             |             |
| b_carD_t.full_purpose_HBO      |  0,0000000 |         |             |             |
| asc_carP                       | -1,2941126 | 0,08693 |  -14,88650  | 0,00000 *** |
| b_carP_p.age_group_agg_5_14    |  0,0000000 |         |             |             |
| b_carP_p.age_group_agg_15_24   |  1,4935671 | 0,11827 |   12,62833  | 0,00000 *** |
| b_carP_p.age_group_agg_40_69   | -0,2471953 | 0,06981 |  -3,54092   | 0,00040 *** |
| b_carP_p.age_group_agg_70      | -0,1757488 | 0,08890 |  -1,97692   | 0,04805 *   |
| b_carP_p.female                |  1,2523818 | 0,05611 |   22,32021  | 0,00000 *** |
| b_carP_p.occupation_worker     | -0,4937671 | 0,06436 |  -7,67201   | 0,00000 *** |
| b_carP_p.disability_lot        |  0,7218091 | 0,09598 |   7,52064   | 0,00000 *** |
| b_carP_hh.cars_gr_0            |  3,5875891 | 0,29745 |   12,06117  | 0,00000 *** |
| b_carP_hh.cars_gr_2            | -0,1274469 | 0,05870 |  -2,17133   | 0,02991 *   |
| b_carP_hh.cars_gr_3            | -0,3112643 | 0,09686 |  -3,21367   | 0,00131 **  |
| b_carP_hh.income_agg_high      |  0,0000000 |         |             |             |
| b_carP_t.full_purpose_HBR      |  0,4548996 | 0,05901 |   7,70919   | 0,00000 *** |
| b_carP_t.full_purpose_HBO      |  0,0000000 |         |             |             |
| asc_pt                         | -2,6830852 | 0,15221 |  -17,62768  | 0,00000 *** |
| b_pt_p.age_group_agg_5_14      | -1,2651558 | 0,17537 |  -7,21422   | 0,00000 *** |
| b_pt_p.age_group_agg_15_24     |  2,5778147 | 0,16460 |   15,66131  | 0,00000 *** |
| b_pt_p.age_group_agg_40_69     |  0,5845417 | 0,12342 |   4,73618   | 0,00000 *** |
| b_pt_p.age_group_agg_70        |  0,3835756 | 0,14329 |   2,67691   | 0,00743 **  |
| b_pt_p.female                  |  0,5054961 | 0,08315 |   6,07950   | 0,00000 *** |
| b_pt_p.occupation_worker       | -0,6200515 | 0,10611 |  -5,84373   | 0,00000 *** |
| b_pt_p.disability_lot          | -0,2572440 | 0,14847 |  -1,73264   | 0,08316 .   |
| b_pt_hh.cars_gr_0              |  6,1756343 | 0,29970 |   20,60623  | 0,00000 *** |
| b_pt_hh.cars_gr_2              | -0,7822317 | 0,11355 |  -6,88857   | 0,00000 *** |
| b_pt_hh.cars_gr_3              | -1,2917406 | 0,20661 |  -6,25201   | 0,00000 *** |
| b_pt_hh.income_agg_high        |  0,4601377 | 0,15330 |   3,00149   | 0,00269 **  |
| b_pt_t.full_purpose_HBR        |  0,3285199 | 0,09671 |   3,39686   | 0,00068 *** |
| b_pt_t.full_purpose_HBO        | -0,5206818 | 0,09529 |  -5,46430   | 0,00000 *** |
| asc_bike                       | -4,0577392 | 0,25594 |  -15,85411  | 0,00000 *** |
| b_bike_p.age_group_agg_5_14    | -0,8447672 | 0,35982 |  -2,34774   | 0,01889 *   |
| b_bike_p.age_group_agg_15_24   |  2,1886162 | 0,21428 |   10,21373  | 0,00000 *** |
| b_bike_p.age_group_agg_40_69   |  0,0000000 |         |             |             |
| b_bike_p.age_group_agg_70      | -1,5533065 | 0,38728 |  -4,01080   | 0,00006 *** |
| b_bike_p.female                | -1,0195615 | 0,20817 |  -4,89775   | 0,00000 *** |
| b_bike_p.occupation_worker     | -0,3833043 | 0,19572 |  -1,95841   | 0,05018 .   |
| b_bike_p.disability_lot        | -2,7826446 | 0,73426 |  -3,78975   | 0,00015 *** |
| b_bike_hh.cars_gr_0            |  6,0752121 | 0,33967 |   17,88561  | 0,00000 *** |
| b_bike_hh.cars_gr_2            | -0,9619567 | 0,25044 |  -3,84112   | 0,00012 *** |
| b_bike_hh.cars_gr_3            | -3,2220794 | 1,01830 |  -3,16417   | 0,00156 **  |
| b_bike_hh.income_agg_high      |  0,8856102 | 0,28910 |   3,06332   | 0,00219 **  |
| b_bike_t.full_purpose_HBR      |  1,8172741 | 0,20557 |   8,84036   | 0,00000 *** |
| b_bike_t.full_purpose_HBO      |  0,6649508 | 0,22217 |   2,99298   | 0,00276 **  |
| asc_walk                       |  1,5428863 | 0,11364 |   13,57657  | 0,00000 *** |
| b_walk_p.age_group_agg_5_14    | -2,0099978 | 0,12844 |  -15,64953  | 0,00000 *** |
| b_walk_p.age_group_agg_15_24   |  1,8146386 | 0,13929 |   13,02816  | 0,00000 *** |
| b_walk_p.age_group_agg_40_69   | -0,1238616 | 0,08437 |  -1,46810   | 0,14208     |
| b_walk_p.age_group_agg_70      | -1,0646020 | 0,11700 |  -9,09923   | 0,00000 *** |
| b_walk_p.female                |  0,2325466 | 0,06788 |   3,42562   | 0,00061 *** |
| b_walk_p.occupation_worker     | -0,3843098 | 0,08025 |  -4,78865   | 0,00000 *** |
| b_walk_p.disability_lot        | -0,0630789 | 0,24648 |  -0,25591   | 0,79802     |
| b_walk_hh.cars_gr_0            |  6,0489889 | 0,29928 |   20,21166  | 0,00000 *** |
| b_walk_hh.cars_gr_2            | -0,4024676 | 0,07918 |  -5,08266   | 0,00000 *** |
| b_walk_hh.cars_gr_3            | -0,7532673 | 0,13536 |  -5,56489   | 0,00000 *** |
| b_walk_hh.income_agg_high      |  0,4007105 | 0,11434 |   3,50458   | 0,00046 *** |
| b_walk_t.full_purpose_HBR      |  1,3473210 | 0,07790 |   17,29469  | 0,00000 *** |
| b_walk_t.full_purpose_HBO      |  0,1944172 | 0,07401 |   2,62693   | 0,00862 **  |
| b_car_time                     | -0,2255472 | 0,01149 |  -19,62873  | 0,00000 *** |
| b_pt_time                      | -0,0486672 | 0,00339 |  -14,34908  | 0,00000 *** |
| b_bike_cost                    | -0,0543554 | 0,02469 |  -2,20192   | 0,02767 *   |
| b_walk_cost                    | -0,1106016 | 0,01021 |  -10,82833  | 0,00000 *** |
| g_bike_grad                    |  44,9440515 | 27,87388 |   1,61241   | 0,10687     |
| g_bike_stressLink              |  0,7465887 | 0,85363 |   0,87460   | 0,38179     |
| g_bike_stressLink_c            |  4,2935643 | 2,32074 |   1,85008   | 0,06430 .   |
| g_walk_vgvi                    |  0,4988451 | 0,14636 |   3,40824   | 0,00065 *** |
| g_walk_stressJct               |  3,5414698 | 1,16980 |   3,02741   | 0,00247 **  |
| g_walk_stressJct_d             |  1,7329195 | 4,35514 |   0,39790   | 0,69070     |
| g_walk_speed                   |  0,1035294 | 0,17325 |   0,59758   | 0,55012     |
| g_walk_speed_d                 |  0,8899849 | 0,34435 |   2,58454   | 0,00975 **  |


Iterations: 137

Start LL = 21249.943505112835
Final LL = 10894.186386889842

BIKE DETOURS: min=1,00  25perc=1,00  med=1,00  mean=1,00  75perc=1,00  max=1,00
BIKE OVERLAP: min=1,00  25perc=1,00  med=1,00  mean=1,00  75perc=1,00  max=1,00
WALK DETOURS: min=1,00  25perc=1,00  med=1,00  mean=1,00  75perc=1,00  max=1,00
WALK OVERLAP: min=1,00  25perc=1,00  med=1,00  mean=1,00  75perc=1,00  max=1,00
