| COEFFICIENT NAME               | VALUE      | STD.ERR |  T.TEST     |  P.VAL      |
| asc_carD                       |  0,0000000 |         |             |             |
| b_carD_p.age_group_agg_5_14    |  0,0000000 |         |             |             |
| b_carD_p.age_group_agg_15_24   |  0,0000000 |         |             |             |
| b_carD_p.age_group_agg_40_69   |  0,0000000 |         |             |             |
| b_carD_p.age_group_agg_70      |  0,0000000 |         |             |             |
| b_carD_p.female                |  0,0000000 |         |             |             |
| b_carD_p.occupation_worker     |  0,0000000 |         |             |             |
| b_carD_hh.cars_gr_0            |  0,0000000 |         |             |             |
| b_carD_hh.cars_gr_2            |  0,0000000 |         |             |             |
| b_carD_hh.cars_gr_3            |  0,0000000 |         |             |             |
| b_carD_hh.income_agg_high      |  0,0000000 |         |             |             |
| asc_carP                       | -1,0740851 | 0,08350 |  -12,86291  | 0,00000 *** |
| b_carP_p.age_group_agg_5_14    |  0,0000000 |         |             |             |
| b_carP_p.age_group_agg_15_24   |  1,4649999 | 0,11794 |   12,42164  | 0,00000 *** |
| b_carP_p.age_group_agg_40_69   | -0,2289639 | 0,06975 |  -3,28284   | 0,00103 **  |
| b_carP_p.age_group_agg_70      | -0,1428903 | 0,08802 |  -1,62347   | 0,10449     |
| b_carP_p.female                |  1,2045825 | 0,05528 |   21,79117  | 0,00000 *** |
| b_carP_p.occupation_worker     | -0,5392182 | 0,06289 |  -8,57334   | 0,00000 *** |
| b_carP_hh.cars_gr_0            |  3,6343548 | 0,29700 |   12,23685  | 0,00000 *** |
| b_carP_hh.cars_gr_2            | -0,1322135 | 0,05813 |  -2,27446   | 0,02294 *   |
| b_carP_hh.cars_gr_3            | -0,3223426 | 0,09611 |  -3,35402   | 0,00080 *** |
| b_carP_hh.income_agg_high      |  0,0000000 |         |             |             |
| asc_pt                         | -2,7105540 | 0,14930 |  -18,15529  | 0,00000 *** |
| b_pt_p.age_group_agg_5_14      | -1,1754464 | 0,17333 |  -6,78156   | 0,00000 *** |
| b_pt_p.age_group_agg_15_24     |  2,5652446 | 0,16384 |   15,65739  | 0,00000 *** |
| b_pt_p.age_group_agg_40_69     |  0,5774563 | 0,12387 |   4,66170   | 0,00000 *** |
| b_pt_p.age_group_agg_70        |  0,3654714 | 0,14260 |   2,56284   | 0,01038 *   |
| b_pt_p.female                  |  0,4868297 | 0,08228 |   5,91683   | 0,00000 *** |
| b_pt_p.occupation_worker       | -0,5654799 | 0,10444 |  -5,41461   | 0,00000 *** |
| b_pt_hh.cars_gr_0              |  6,0838524 | 0,29869 |   20,36838  | 0,00000 *** |
| b_pt_hh.cars_gr_2              | -0,7677976 | 0,11288 |  -6,80184   | 0,00000 *** |
| b_pt_hh.cars_gr_3              | -1,2731977 | 0,20626 |  -6,17270   | 0,00000 *** |
| b_pt_hh.income_agg_high        |  0,4800567 | 0,15208 |   3,15662   | 0,00160 **  |
| asc_bike                       | -3,6322889 | 0,27117 |  -13,39492  | 0,00000 *** |
| b_bike_p.age_group_agg_5_14    | -0,3226948 | 0,38541 |  -0,83728   | 0,40244     |
| b_bike_p.age_group_agg_15_24   |  2,4049140 | 0,25241 |   9,52765   | 0,00000 *** |
| b_bike_p.age_group_agg_40_69   | -0,0391050 | 0,22052 |  -0,17733   | 0,85925     |
| b_bike_p.age_group_agg_70      | -1,6919953 | 0,41237 |  -4,10313   | 0,00004 *** |
| b_bike_p.female                | -0,3071077 | 0,30708 |  -1,00011   | 0,31726     |
| b_bike_p.occupation_worker     | -0,1019074 | 0,19499 |  -0,52263   | 0,60123     |
| b_bike_hh.cars_gr_0            |  5,7771026 | 0,33713 |   17,13620  | 0,00000 *** |
| b_bike_hh.cars_gr_2            | -0,8886964 | 0,24748 |  -3,59099   | 0,00033 *** |
| b_bike_hh.cars_gr_3            | -3,1973319 | 1,01598 |  -3,14704   | 0,00165 **  |
| b_bike_hh.income_agg_high      |  0,9354151 | 0,28737 |   3,25514   | 0,00113 **  |
| asc_walk                       |  1,9041272 | 0,10730 |   17,74607  | 0,00000 *** |
| b_walk_p.age_group_agg_5_14    | -1,5257847 | 0,17640 |  -8,64982   | 0,00000 *** |
| b_walk_p.age_group_agg_15_24   |  1,9540058 | 0,13694 |   14,26896  | 0,00000 *** |
| b_walk_p.age_group_agg_40_69   | -0,2155982 | 0,08279 |  -2,60406   | 0,00921 **  |
| b_walk_p.age_group_agg_70      | -1,1557918 | 0,11438 |  -10,10489  | 0,00000 *** |
| b_walk_p.female                |  0,1889182 | 0,06578 |   2,87179   | 0,00408 **  |
| b_walk_p.occupation_worker     | -0,1863689 | 0,07730 |  -2,41101   | 0,01591 *   |
| b_walk_hh.cars_gr_0            |  5,8337543 | 0,29795 |   19,57971  | 0,00000 *** |
| b_walk_hh.cars_gr_2            | -0,3417029 | 0,07719 |  -4,42674   | 0,00001 *** |
| b_walk_hh.cars_gr_3            | -0,7544519 | 0,13151 |  -5,73703   | 0,00000 *** |
| b_walk_hh.income_agg_high      |  0,4713829 | 0,11131 |   4,23473   | 0,00002 *** |
| b_car_time                     | -0,2306074 | 0,01142 |  -20,19167  | 0,00000 *** |
| b_pt_time                      | -0,0505041 | 0,00333 |  -15,15018  | 0,00000 *** |
| b_bike_cost                    | -0,0475638 | 0,02367 |  -2,00936   | 0,04450 *   |
| b_walk_cost                    | -0,0958802 | 0,00621 |  -15,42951  | 0,00000 *** |
| g_bike_grad                    |  53,4474656 | 34,68795 |   1,54081   | 0,12336     |
| g_bike_vgvi                    |  0,0000000 |         |             |             |
| g_bike_stressLink              |  0,5237224 | 0,83555 |   0,62680   | 0,53079     |
| g_bike_stressLink_f            |  2,2861274 | 1,39967 |   1,63333   | 0,10240     |
| g_bike_stressLink_c            |  5,3447184 | 3,04378 |   1,75595   | 0,07910 .   |
| g_bike_stressJct               |  0,0000000 |         |             |             |
| g_bike_stressJct_f             |  0,0000000 |         |             |             |
| g_bike_stressJct_c             |  0,0000000 |         |             |             |
| g_walk_grad                    |  0,0000000 |         |             |             |
| g_walk_vgvi                    |  0,9438717 | 0,18511 |   5,09897   | 0,00000 *** |
| g_walk_stressLink              |  0,0000000 |         |             |             |
| g_walk_stressLink_f            |  0,0000000 |         |             |             |
| g_walk_stressLink_c            |  3,3828971 | 1,60285 |   2,11055   | 0,03481 *   |
| g_walk_stressJct               |  4,8191435 | 1,35523 |   3,55596   | 0,00038 *** |
| g_walk_stressJct_f             |  0,0000000 |         |             |             |
| g_walk_stressJct_c             |  3,6785939 | 3,19911 |   1,14988   | 0,25019     |


Iterations: 135

Start LL = 21249.943505112835
Final LL = 11189.02385449221
