| COEFFICIENT NAME               | VALUE      | STD.ERR |  T.TEST     |  P.VAL      |
| asc_carD                       |  0,0000000 |         |             |             |
| b_carD_p.age_group_agg_5_14    |  0,0000000 |         |             |             |
| b_carD_p.age_group_agg_15_24   |  0,0000000 |         |             |             |
| b_carD_p.age_group_agg_40_69   |  0,0000000 |         |             |             |
| b_carD_p.age_group_agg_70      |  0,0000000 |         |             |             |
| b_carD_p.female                |  0,0000000 |         |             |             |
| b_carD_p.occupation_worker     |  0,0000000 |         |             |             |
| b_carD_hh.cars_gr_0            |  0,0000000 |         |             |             |
| b_carD_hh.cars_gr_2            |  0,0000000 |         |             |             |
| b_carD_hh.cars_gr_3            |  0,0000000 |         |             |             |
| b_carD_hh.income_agg_high      |  0,0000000 |         |             |             |
| b_carD_t.full_purpose_HBR      |  0,0000000 |         |             |             |
| b_carD_t.full_purpose_HBO      |  0,0000000 |         |             |             |
| asc_carP                       | -1,1905877 | 0,08526 |  -13,96383  | 0,00000 *** |
| b_carP_p.age_group_agg_5_14    |  0,0000000 |         |             |             |
| b_carP_p.age_group_agg_15_24   |  1,4611018 | 0,11806 |   12,37550  | 0,00000 *** |
| b_carP_p.age_group_agg_40_69   | -0,2188714 | 0,06944 |  -3,15175   | 0,00162 **  |
| b_carP_p.age_group_agg_70      | -0,1266174 | 0,08808 |  -1,43754   | 0,15056     |
| b_carP_p.female                |  1,2337136 | 0,05570 |   22,14792  | 0,00000 *** |
| b_carP_p.occupation_worker     | -0,5728724 | 0,06320 |  -9,06432   | 0,00000 *** |
| b_carP_hh.cars_gr_0            |  3,6644148 | 0,29718 |   12,33046  | 0,00000 *** |
| b_carP_hh.cars_gr_2            | -0,1548234 | 0,05843 |  -2,64993   | 0,00805 **  |
| b_carP_hh.cars_gr_3            | -0,3367909 | 0,09648 |  -3,49067   | 0,00048 *** |
| b_carP_hh.income_agg_high      |  0,0000000 |         |             |             |
| b_carP_t.full_purpose_HBR      |  0,4377390 | 0,05877 |   7,44806   | 0,00000 *** |
| b_carP_t.full_purpose_HBO      |  0,0000000 |         |             |             |
| asc_pt                         | -2,7091832 | 0,15140 |  -17,89448  | 0,00000 *** |
| b_pt_p.age_group_agg_5_14      | -1,1562735 | 0,17375 |  -6,65490   | 0,00000 *** |
| b_pt_p.age_group_agg_15_24     |  2,5843532 | 0,16415 |   15,74430  | 0,00000 *** |
| b_pt_p.age_group_agg_40_69     |  0,5841495 | 0,12280 |   4,75706   | 0,00000 *** |
| b_pt_p.age_group_agg_70        |  0,3641631 | 0,14250 |   2,55558   | 0,01060 *   |
| b_pt_p.female                  |  0,5126776 | 0,08298 |   6,17826   | 0,00000 *** |
| b_pt_p.occupation_worker       | -0,6066510 | 0,10505 |  -5,77483   | 0,00000 *** |
| b_pt_hh.cars_gr_0              |  6,1465491 | 0,29911 |   20,54969  | 0,00000 *** |
| b_pt_hh.cars_gr_2              | -0,7843707 | 0,11352 |  -6,90961   | 0,00000 *** |
| b_pt_hh.cars_gr_3              | -1,2969332 | 0,20660 |  -6,27745   | 0,00000 *** |
| b_pt_hh.income_agg_high        |  0,4600070 | 0,15302 |   3,00628   | 0,00264 **  |
| b_pt_t.full_purpose_HBR        |  0,3126816 | 0,09651 |   3,23997   | 0,00120 **  |
| b_pt_t.full_purpose_HBO        | -0,5440219 | 0,09477 |  -5,74065   | 0,00000 *** |
| asc_bike                       | -4,3349935 | 0,26016 |  -16,66310  | 0,00000 *** |
| b_bike_p.age_group_agg_5_14    | -0,4040201 | 0,36324 |  -1,11228   | 0,26602     |
| b_bike_p.age_group_agg_15_24   |  2,3295094 | 0,21152 |   11,01333  | 0,00000 *** |
| b_bike_p.age_group_agg_40_69   |  0,0000000 |         |             |             |
| b_bike_p.age_group_agg_70      | -1,5686832 | 0,38655 |  -4,05817   | 0,00005 *** |
| b_bike_p.female                | -0,1757237 | 0,30910 |  -0,56850   | 0,56970     |
| b_bike_p.occupation_worker     | -0,1895451 | 0,19494 |  -0,97232   | 0,33089     |
| b_bike_hh.cars_gr_0            |  5,9282368 | 0,33924 |   17,47490  | 0,00000 *** |
| b_bike_hh.cars_gr_2            | -0,9569624 | 0,25018 |  -3,82511   | 0,00013 *** |
| b_bike_hh.cars_gr_3            | -3,2161579 | 1,01834 |  -3,15825   | 0,00159 **  |
| b_bike_hh.income_agg_high      |  0,8891481 | 0,28917 |   3,07485   | 0,00211 **  |
| b_bike_t.full_purpose_HBR      |  1,7398305 | 0,20426 |   8,51769   | 0,00000 *** |
| b_bike_t.full_purpose_HBO      |  0,5814642 | 0,22149 |   2,62521   | 0,00866 **  |
| asc_walk                       |  1,4966707 | 0,11262 |   13,28921  | 0,00000 *** |
| b_walk_p.age_group_agg_5_14    | -1,5273298 | 0,17837 |  -8,56248   | 0,00000 *** |
| b_walk_p.age_group_agg_15_24   |  1,8594305 | 0,13862 |   13,41351  | 0,00000 *** |
| b_walk_p.age_group_agg_40_69   | -0,1733635 | 0,08358 |  -2,07420   | 0,03806 *   |
| b_walk_p.age_group_agg_70      | -1,1017686 | 0,11557 |  -9,53323   | 0,00000 *** |
| b_walk_p.female                |  0,2641660 | 0,06745 |   3,91635   | 0,00009 *** |
| b_walk_p.occupation_worker     | -0,3210262 | 0,07933 |  -4,04651   | 0,00005 *** |
| b_walk_hh.cars_gr_0            |  5,9497388 | 0,29830 |   19,94544  | 0,00000 *** |
| b_walk_hh.cars_gr_2            | -0,3862575 | 0,07915 |  -4,88021   | 0,00000 *** |
| b_walk_hh.cars_gr_3            | -0,7430805 | 0,13552 |  -5,48327   | 0,00000 *** |
| b_walk_hh.income_agg_high      |  0,3949517 | 0,11493 |   3,43641   | 0,00059 *** |
| b_walk_t.full_purpose_HBR      |  1,3219889 | 0,07763 |   17,02985  | 0,00000 *** |
| b_walk_t.full_purpose_HBO      |  0,1570741 | 0,07344 |   2,13892   | 0,03244 *   |
| b_car_time                     | -0,2248248 | 0,01139 |  -19,73619  | 0,00000 *** |
| b_pt_time                      | -0,0480317 | 0,00336 |  -14,30615  | 0,00000 *** |
| b_bike_cost                    | -0,0606083 | 0,02434 |  -2,48962   | 0,01279 *   |
| b_walk_cost                    | -0,1133652 | 0,00660 |  -17,18088  | 0,00000 *** |
| g_bike_grad                    |  40,6703161 | 23,40488 |   1,73769   | 0,08227 .   |
| g_bike_vgvi                    |  0,0000000 |         |             |             |
| g_bike_stressLink              |  0,2858574 | 0,59020 |   0,48434   | 0,62814     |
| g_bike_stressLink_f            |  1,8203306 | 0,97322 |   1,87042   | 0,06143 .   |
| g_bike_stressLink_c            |  4,1694574 | 2,04137 |   2,04248   | 0,04110 *   |
| g_bike_stressJct               |  0,0000000 |         |             |             |
| g_bike_stressJct_f             |  0,0000000 |         |             |             |
| g_bike_stressJct_c             |  0,0000000 |         |             |             |
| g_walk_grad                    |  0,0000000 |         |             |             |
| g_walk_vgvi                    |  0,5434038 | 0,14355 |   3,78551   | 0,00015 *** |
| g_walk_stressLink              |  0,0000000 |         |             |             |
| g_walk_stressLink_f            |  0,0000000 |         |             |             |
| g_walk_stressLink_c            |  3,0906126 | 1,43611 |   2,15207   | 0,03139 *   |
| g_walk_stressJct               |  3,3512469 | 1,14734 |   2,92089   | 0,00349 **  |
| g_walk_stressJct_f             |  0,0000000 |         |             |             |
| g_walk_stressJct_c             |  4,2896437 | 2,73777 |   1,56684   | 0,11715     |


Iterations: 130

Start LL = 21249.943505112835
Final LL = 10990.56737765506
