| COEFFICIENT NAME               | VALUE      | STD.ERR |  T.TEST     |  P.VAL      |
| asc_carD                       |  0,0000000 |         |             |             |
| b_carD_p.age_group_agg_5_14    |  0,0000000 |         |             |             |
| b_carD_p.age_group_agg_15_24   |  0,0000000 |         |             |             |
| b_carD_p.age_group_agg_40_69   |  0,0000000 |         |             |             |
| b_carD_p.age_group_agg_70      |  0,0000000 |         |             |             |
| b_carD_p.female                |  0,0000000 |         |             |             |
| b_carD_p.occupation_worker     |  0,0000000 |         |             |             |
| b_carD_hh.cars_gr_0            |  0,0000000 |         |             |             |
| b_carD_hh.cars_gr_2            |  0,0000000 |         |             |             |
| b_carD_hh.cars_gr_3            |  0,0000000 |         |             |             |
| b_carD_hh.income_agg_high      |  0,0000000 |         |             |             |
| asc_carP                       | -1,0738603 | 0,08350 |  -12,86066  | 0,00000 *** |
| b_carP_p.age_group_agg_5_14    |  0,0000000 |         |             |             |
| b_carP_p.age_group_agg_15_24   |  1,4641268 | 0,11795 |   12,41313  | 0,00000 *** |
| b_carP_p.age_group_agg_40_69   | -0,2292465 | 0,06975 |  -3,28670   | 0,00101 **  |
| b_carP_p.age_group_agg_70      | -0,1435795 | 0,08803 |  -1,63111   | 0,10287     |
| b_carP_p.female                |  1,2047696 | 0,05528 |   21,79405  | 0,00000 *** |
| b_carP_p.occupation_worker     | -0,5346003 | 0,06374 |  -8,38675   | 0,00000 *** |
| b_carP_hh.cars_gr_0            |  3,6337001 | 0,29701 |   12,23447  | 0,00000 *** |
| b_carP_hh.cars_gr_2            | -0,1280483 | 0,05888 |  -2,17469   | 0,02965 *   |
| b_carP_hh.cars_gr_3            | -0,3166211 | 0,09696 |  -3,26551   | 0,00109 **  |
| b_carP_hh.income_agg_high      | -0,0412182 | 0,09335 |  -0,44153   | 0,65883     |
| asc_pt                         | -2,7105339 | 0,14929 |  -18,15576  | 0,00000 *** |
| b_pt_p.age_group_agg_5_14      | -1,1772743 | 0,17339 |  -6,78984   | 0,00000 *** |
| b_pt_p.age_group_agg_15_24     |  2,5647183 | 0,16383 |   15,65471  | 0,00000 *** |
| b_pt_p.age_group_agg_40_69     |  0,5775434 | 0,12387 |   4,66245   | 0,00000 *** |
| b_pt_p.age_group_agg_70        |  0,3651910 | 0,14261 |   2,56085   | 0,01044 *   |
| b_pt_p.female                  |  0,4866913 | 0,08228 |   5,91516   | 0,00000 *** |
| b_pt_p.occupation_worker       | -0,5628299 | 0,10459 |  -5,38154   | 0,00000 *** |
| b_pt_hh.cars_gr_0              |  6,0836836 | 0,29869 |   20,36785  | 0,00000 *** |
| b_pt_hh.cars_gr_2              | -0,7660203 | 0,11295 |  -6,78203   | 0,00000 *** |
| b_pt_hh.cars_gr_3              | -1,2711103 | 0,20632 |  -6,16095   | 0,00000 *** |
| b_pt_hh.income_agg_high        |  0,4616703 | 0,15763 |   2,92882   | 0,00340 **  |
| asc_bike                       | -3,6325738 | 0,27117 |  -13,39580  | 0,00000 *** |
| b_bike_p.age_group_agg_5_14    | -0,3246426 | 0,38548 |  -0,84217   | 0,39969     |
| b_bike_p.age_group_agg_15_24   |  2,4043346 | 0,25241 |   9,52553   | 0,00000 *** |
| b_bike_p.age_group_agg_40_69   | -0,0388619 | 0,22053 |  -0,17622   | 0,86012     |
| b_bike_p.age_group_agg_70      | -1,6921451 | 0,41237 |  -4,10348   | 0,00004 *** |
| b_bike_p.female                | -0,3071519 | 0,30708 |  -1,00024   | 0,31719     |
| b_bike_p.occupation_worker     | -0,0993235 | 0,19504 |  -0,50924   | 0,61059     |
| b_bike_hh.cars_gr_0            |  5,7770049 | 0,33713 |   17,13594  | 0,00000 *** |
| b_bike_hh.cars_gr_2            | -0,8870619 | 0,24751 |  -3,58394   | 0,00034 *** |
| b_bike_hh.cars_gr_3            | -3,1949510 | 1,01599 |  -3,14467   | 0,00166 **  |
| b_bike_hh.income_agg_high      |  0,9182618 | 0,28993 |   3,16722   | 0,00154 **  |
| asc_walk                       |  1,9041212 | 0,10729 |   17,74663  | 0,00000 *** |
| b_walk_p.age_group_agg_5_14    | -1,5274800 | 0,17642 |  -8,65805   | 0,00000 *** |
| b_walk_p.age_group_agg_15_24   |  1,9535530 | 0,13694 |   14,26584  | 0,00000 *** |
| b_walk_p.age_group_agg_40_69   | -0,2156560 | 0,08279 |  -2,60485   | 0,00919 **  |
| b_walk_p.age_group_agg_70      | -1,1560508 | 0,11438 |  -10,10704  | 0,00000 *** |
| b_walk_p.female                |  0,1890257 | 0,06578 |   2,87347   | 0,00406 **  |
| b_walk_p.occupation_worker     | -0,1840756 | 0,07747 |  -2,37603   | 0,01750 *   |
| b_walk_hh.cars_gr_0            |  5,8336126 | 0,29795 |   19,57918  | 0,00000 *** |
| b_walk_hh.cars_gr_2            | -0,3401858 | 0,07727 |  -4,40270   | 0,00001 *** |
| b_walk_hh.cars_gr_3            | -0,7522606 | 0,13159 |  -5,71655   | 0,00000 *** |
| b_walk_hh.income_agg_high      |  0,4539893 | 0,11802 |   3,84683   | 0,00012 *** |
| b_car_time                     | -0,2306448 | 0,01142 |  -20,19470  | 0,00000 *** |
| b_pt_time                      | -0,0505116 | 0,00333 |  -15,15227  | 0,00000 *** |
| b_bike_cost                    | -0,0475732 | 0,02367 |  -2,00965   | 0,04447 *   |
| b_walk_cost                    | -0,0958896 | 0,00621 |  -15,42917  | 0,00000 *** |
| g_bike_grad                    |  53,4492731 | 34,68401 |   1,54103   | 0,12331     |
| g_bike_vgvi                    |  0,0000000 |         |             |             |
| g_bike_stressLink              |  0,5231503 | 0,83516 |   0,62641   | 0,53105     |
| g_bike_stressJct               |  0,0000000 |         |             |             |
| g_walk_grad                    |  0,0000000 |         |             |             |
| g_walk_vgvi                    |  0,9438550 | 0,18511 |   5,09882   | 0,00000 *** |
| g_walk_stressLink              |  0,0000000 |         |             |             |
| g_walk_stressJct               |  4,8166118 | 1,35506 |   3,55452   | 0,00038 *** |
| g_bike_stressLink_f            |  2,2860123 | 1,39939 |   1,63357   | 0,10235     |
| g_bike_stressLink_c            |  5,3451822 | 3,04351 |   1,75625   | 0,07905 .   |
| g_walk_stressLink_c            |  3,3810183 | 1,60255 |   2,10978   | 0,03488 *   |
| g_walk_stressJct_c             |  3,6793489 | 3,19810 |   1,15048   | 0,24995     |


Iterations: 135

Start LL = 21408.93873922624
Final LL = 11188.926147167185
