| COEFFICIENT NAME               | VALUE      | STD.ERR |  T.TEST     |  P.VAL      |
| asc_carD                       |  0,0000000 |         |             |             |
| b_carD_p.age_group_agg_5_14    |  0,0000000 |         |             |             |
| b_carD_p.age_group_agg_15_24   |  0,0000000 |         |             |             |
| b_carD_p.age_group_agg_40_69   |  0,0000000 |         |             |             |
| b_carD_p.age_group_agg_70      |  0,0000000 |         |             |             |
| b_carD_p.female                |  0,0000000 |         |             |             |
| b_carD_p.occupation_worker     |  0,0000000 |         |             |             |
| b_carD_hh.cars_gr_0            |  0,0000000 |         |             |             |
| b_carD_hh.cars_gr_2            |  0,0000000 |         |             |             |
| b_carD_hh.cars_gr_3            |  0,0000000 |         |             |             |
| b_carD_hh.income_agg_high      |  0,0000000 |         |             |             |
| b_carD_t.full_purpose_HBR      |  0,0000000 |         |             |             |
| b_carD_t.full_purpose_HBO      |  0,0000000 |         |             |             |
| asc_carP                       | -1,1822933 | 0,08529 |  -13,86150  | 0,00000 *** |
| b_carP_p.age_group_agg_5_14    |  0,0000000 |         |             |             |
| b_carP_p.age_group_agg_15_24   |  1,4600345 | 0,11804 |   12,36899  | 0,00000 *** |
| b_carP_p.age_group_agg_40_69   | -0,2190924 | 0,06949 |  -3,15296   | 0,00162 **  |
| b_carP_p.age_group_agg_70      | -0,1315818 | 0,08815 |  -1,49267   | 0,13552     |
| b_carP_p.female                |  1,2315644 | 0,05568 |   22,11875  | 0,00000 *** |
| b_carP_p.occupation_worker     | -0,5738597 | 0,06321 |  -9,07896   | 0,00000 *** |
| b_carP_hh.cars_gr_0            |  3,6567642 | 0,29722 |   12,30310  | 0,00000 *** |
| b_carP_hh.cars_gr_2            | -0,1587444 | 0,05850 |  -2,71342   | 0,00666 **  |
| b_carP_hh.cars_gr_3            | -0,3365401 | 0,09648 |  -3,48817   | 0,00049 *** |
| b_carP_hh.income_agg_high      |  0,0000000 |         |             |             |
| b_carP_t.full_purpose_HBR      |  0,4259098 | 0,05893 |   7,22735   | 0,00000 *** |
| b_carP_t.full_purpose_HBO      |  0,0000000 |         |             |             |
| asc_pt                         | -2,6965631 | 0,15154 |  -17,79384  | 0,00000 *** |
| b_pt_p.age_group_agg_5_14      | -1,1737495 | 0,17409 |  -6,74202   | 0,00000 *** |
| b_pt_p.age_group_agg_15_24     |  2,5794294 | 0,16418 |   15,71065  | 0,00000 *** |
| b_pt_p.age_group_agg_40_69     |  0,5841571 | 0,12299 |   4,74974   | 0,00000 *** |
| b_pt_p.age_group_agg_70        |  0,3483054 | 0,14294 |   2,43669   | 0,01482 *   |
| b_pt_p.female                  |  0,5083970 | 0,08297 |   6,12750   | 0,00000 *** |
| b_pt_p.occupation_worker       | -0,6111690 | 0,10498 |  -5,82192   | 0,00000 *** |
| b_pt_hh.cars_gr_0              |  6,1455089 | 0,29912 |   20,54537  | 0,00000 *** |
| b_pt_hh.cars_gr_2              | -0,7864591 | 0,11354 |  -6,92680   | 0,00000 *** |
| b_pt_hh.cars_gr_3              | -1,2975716 | 0,20658 |  -6,28125   | 0,00000 *** |
| b_pt_hh.income_agg_high        |  0,4599183 | 0,15305 |   3,00500   | 0,00266 **  |
| b_pt_t.full_purpose_HBR        |  0,3081578 | 0,09652 |   3,19263   | 0,00141 **  |
| b_pt_t.full_purpose_HBO        | -0,5475557 | 0,09483 |  -5,77404   | 0,00000 *** |
| asc_bike                       | -4,3778337 | 0,25993 |  -16,84254  | 0,00000 *** |
| b_bike_p.age_group_agg_5_14    | -0,2306923 | 0,37730 |  -0,61143   | 0,54091     |
| b_bike_p.age_group_agg_15_24   |  2,4037332 | 0,21476 |   11,19258  | 0,00000 *** |
| b_bike_p.age_group_agg_40_69   |  0,0000000 |         |             |             |
| b_bike_p.age_group_agg_70      | -1,8940805 | 0,40948 |  -4,62553   | 0,00000 *** |
| b_bike_p.female                | -0,1471664 | 0,30964 |  -0,47529   | 0,63458     |
| b_bike_p.occupation_worker     | -0,1115323 | 0,19749 |  -0,56474   | 0,57225     |
| b_bike_hh.cars_gr_0            |  5,9784853 | 0,33986 |   17,59087  | 0,00000 *** |
| b_bike_hh.cars_gr_2            | -0,9379721 | 0,25108 |  -3,73571   | 0,00019 *** |
| b_bike_hh.cars_gr_3            | -3,1941851 | 1,01863 |  -3,13576   | 0,00171 **  |
| b_bike_hh.income_agg_high      |  0,9321190 | 0,29064 |   3,20709   | 0,00134 **  |
| b_bike_t.full_purpose_HBR      |  1,7255292 | 0,20430 |   8,44605   | 0,00000 *** |
| b_bike_t.full_purpose_HBO      |  0,5840832 | 0,22166 |   2,63508   | 0,00841 **  |
| asc_walk                       |  1,4201296 | 0,11231 |   12,64484  | 0,00000 *** |
| b_walk_p.age_group_agg_5_14    | -0,9048103 | 0,19970 |  -4,53083   | 0,00001 *** |
| b_walk_p.age_group_agg_15_24   |  1,8364193 | 0,13780 |   13,32638  | 0,00000 *** |
| b_walk_p.age_group_agg_40_69   | -0,1230302 | 0,08417 |  -1,46172   | 0,14382     |
| b_walk_p.age_group_agg_70      | -0,9053733 | 0,13064 |  -6,93006   | 0,00000 *** |
| b_walk_p.female                |  0,2631971 | 0,06720 |   3,91659   | 0,00009 *** |
| b_walk_p.occupation_worker     | -0,3637087 | 0,08003 |  -4,54446   | 0,00001 *** |
| b_walk_hh.cars_gr_0            |  5,9486247 | 0,29841 |   19,93415  | 0,00000 *** |
| b_walk_hh.cars_gr_2            | -0,3888808 | 0,07918 |  -4,91160   | 0,00000 *** |
| b_walk_hh.cars_gr_3            | -0,7697919 | 0,13529 |  -5,68975   | 0,00000 *** |
| b_walk_hh.income_agg_high      |  0,4034939 | 0,11551 |   3,49302   | 0,00048 *** |
| b_walk_t.full_purpose_HBR      |  1,3295083 | 0,07759 |   17,13404  | 0,00000 *** |
| b_walk_t.full_purpose_HBO      |  0,1455416 | 0,07372 |   1,97434   | 0,04834 *   |
| b_car_time                     | -0,2250855 | 0,01144 |  -19,67743  | 0,00000 *** |
| b_pt_time                      | -0,0481035 | 0,00337 |  -14,27651  | 0,00000 *** |
| b_bike_cost                    | -0,0566717 | 0,02489 |  -2,27707   | 0,02278 *   |
| b_walk_cost                    | -0,1113858 | 0,01017 |  -10,95147  | 0,00000 *** |
| g_bike_grad                    |  43,4294221 | 26,21417 |   1,65672   | 0,09758 .   |
| g_bike_stressLink              |  0,5656035 | 0,75417 |   0,74997   | 0,45327     |
| g_bike_stressLink_f            |  1,9836834 | 1,10431 |   1,79631   | 0,07245 .   |
| g_bike_stressLink_c            |  4,8139751 | 2,47897 |   1,94192   | 0,05215 .   |
| g_bike_stressLink_o            | -0,7355543 | 0,42311 |  -1,73845   | 0,08213 .   |
| g_walk_vgvi                    |  0,5253139 | 0,14519 |   3,61804   | 0,00030 *** |
| g_walk_stressJct               |  4,0749727 | 1,13681 |   3,58457   | 0,00034 *** |
| g_walk_speed                   | -0,0930163 | 0,15770 |  -0,58982   | 0,55531     |
| g_walk_speed_c                 |  1,2643304 | 0,23635 |   5,34933   | 0,00000 *** |
| g_walk_speed_o                 |  0,2659667 | 0,08903 |   2,98723   | 0,00282 **  |


Iterations: 156

Start LL = 21249.943505112835
Final LL = 10966.491113318218
