| COEFFICIENT NAME               | VALUE      | STD.ERR |  T.TEST     |  P.VAL      |
| asc_carD                       |  0,0000000 |         |             |             |
| b_carD_p.age_group_agg_5_14    |  0,0000000 |         |             |             |
| b_carD_p.age_group_agg_15_24   |  0,0000000 |         |             |             |
| b_carD_p.age_group_agg_40_69   |  0,0000000 |         |             |             |
| b_carD_p.age_group_agg_70      |  0,0000000 |         |             |             |
| b_carD_p.female                |  0,0000000 |         |             |             |
| b_carD_p.occupation_worker     |  0,0000000 |         |             |             |
| b_carD_hh.cars_gr_0            |  0,0000000 |         |             |             |
| b_carD_hh.cars_gr_2            |  0,0000000 |         |             |             |
| b_carD_hh.cars_gr_3            |  0,0000000 |         |             |             |
| b_carD_hh.income_agg_high      |  0,0000000 |         |             |             |
| b_carD_t.full_purpose_HBR      |  0,0000000 |         |             |             |
| b_carD_t.full_purpose_HBO      |  0,0000000 |         |             |             |
| asc_carP                       | -1,1786153 | 0,08525 |  -13,82591  | 0,00000 *** |
| b_carP_p.age_group_agg_5_14    |  0,0000000 |         |             |             |
| b_carP_p.age_group_agg_15_24   |  1,4559663 | 0,11799 |   12,33932  | 0,00000 *** |
| b_carP_p.age_group_agg_40_69   | -0,2228276 | 0,06942 |  -3,21004   | 0,00133 **  |
| b_carP_p.age_group_agg_70      | -0,1360094 | 0,08812 |  -1,54354   | 0,12270     |
| b_carP_p.female                |  1,2316588 | 0,05567 |   22,12355  | 0,00000 *** |
| b_carP_p.occupation_worker     | -0,5757555 | 0,06319 |  -9,11085   | 0,00000 *** |
| b_carP_hh.cars_gr_0            |  3,6562505 | 0,29722 |   12,30151  | 0,00000 *** |
| b_carP_hh.cars_gr_2            | -0,1589353 | 0,05850 |  -2,71686   | 0,00659 **  |
| b_carP_hh.cars_gr_3            | -0,3365279 | 0,09648 |  -3,48815   | 0,00049 *** |
| b_carP_hh.income_agg_high      |  0,0000000 |         |             |             |
| b_carP_t.full_purpose_HBR      |  0,4273289 | 0,05893 |   7,25205   | 0,00000 *** |
| b_carP_t.full_purpose_HBO      |  0,0000000 |         |             |             |
| asc_pt                         | -2,6869677 | 0,15121 |  -17,77000  | 0,00000 *** |
| b_pt_p.age_group_agg_5_14      | -1,1802422 | 0,17398 |  -6,78383   | 0,00000 *** |
| b_pt_p.age_group_agg_15_24     |  2,5650014 | 0,16383 |   15,65688  | 0,00000 *** |
| b_pt_p.age_group_agg_40_69     |  0,5725094 | 0,12249 |   4,67390   | 0,00000 *** |
| b_pt_p.age_group_agg_70        |  0,3342807 | 0,14262 |   2,34382   | 0,01909 *   |
| b_pt_p.female                  |  0,5117678 | 0,08291 |   6,17240   | 0,00000 *** |
| b_pt_p.occupation_worker       | -0,6153579 | 0,10490 |  -5,86599   | 0,00000 *** |
| b_pt_hh.cars_gr_0              |  6,1436633 | 0,29910 |   20,54057  | 0,00000 *** |
| b_pt_hh.cars_gr_2              | -0,7863989 | 0,11354 |  -6,92594   | 0,00000 *** |
| b_pt_hh.cars_gr_3              | -1,2956777 | 0,20656 |  -6,27258   | 0,00000 *** |
| b_pt_hh.income_agg_high        |  0,4589465 | 0,15305 |   2,99863   | 0,00271 **  |
| b_pt_t.full_purpose_HBR        |  0,3067846 | 0,09651 |   3,17882   | 0,00148 **  |
| b_pt_t.full_purpose_HBO        | -0,5479930 | 0,09479 |  -5,78091   | 0,00000 *** |
| asc_bike                       | -4,2354272 | 0,25532 |  -16,58846  | 0,00000 *** |
| b_bike_p.age_group_agg_5_14    | -0,3539086 | 0,37406 |  -0,94613   | 0,34408     |
| b_bike_p.age_group_agg_15_24   |  2,3600571 | 0,20988 |   11,24494  | 0,00000 *** |
| b_bike_p.age_group_agg_40_69   |  0,0000000 |         |             |             |
| b_bike_p.age_group_agg_70      | -1,5921731 | 0,38620 |  -4,12261   | 0,00004 *** |
| b_bike_p.female                | -0,9462602 | 0,20691 |  -4,57330   | 0,00000 *** |
| b_bike_p.occupation_worker     | -0,1747611 | 0,19263 |  -0,90723   | 0,36428     |
| b_bike_hh.cars_gr_0            |  5,9244617 | 0,33864 |   17,49493  | 0,00000 *** |
| b_bike_hh.cars_gr_2            | -0,9914261 | 0,24970 |  -3,97054   | 0,00007 *** |
| b_bike_hh.cars_gr_3            | -3,2782110 | 1,01787 |  -3,22066   | 0,00128 **  |
| b_bike_hh.income_agg_high      |  0,9018654 | 0,28755 |   3,13640   | 0,00171 **  |
| b_bike_t.full_purpose_HBR      |  1,7340332 | 0,20385 |   8,50644   | 0,00000 *** |
| b_bike_t.full_purpose_HBO      |  0,5668672 | 0,22097 |   2,56534   | 0,01031 *   |
| asc_walk                       |  1,4280921 | 0,11228 |   12,71862  | 0,00000 *** |
| b_walk_p.age_group_agg_5_14    | -0,9096867 | 0,19962 |  -4,55702   | 0,00001 *** |
| b_walk_p.age_group_agg_15_24   |  1,8238162 | 0,13758 |   13,25633  | 0,00000 *** |
| b_walk_p.age_group_agg_40_69   | -0,1264192 | 0,08415 |  -1,50227   | 0,13303     |
| b_walk_p.age_group_agg_70      | -0,9036253 | 0,13061 |  -6,91874   | 0,00000 *** |
| b_walk_p.female                |  0,2528561 | 0,06710 |   3,76862   | 0,00016 *** |
| b_walk_p.occupation_worker     | -0,3695894 | 0,07996 |  -4,62230   | 0,00000 *** |
| b_walk_hh.cars_gr_0            |  5,9404819 | 0,29838 |   19,90912  | 0,00000 *** |
| b_walk_hh.cars_gr_2            | -0,3883387 | 0,07915 |  -4,90656   | 0,00000 *** |
| b_walk_hh.cars_gr_3            | -0,7680289 | 0,13522 |  -5,68005   | 0,00000 *** |
| b_walk_hh.income_agg_high      |  0,4014987 | 0,11545 |   3,47776   | 0,00051 *** |
| b_walk_t.full_purpose_HBR      |  1,3279475 | 0,07756 |   17,12171  | 0,00000 *** |
| b_walk_t.full_purpose_HBO      |  0,1431776 | 0,07367 |   1,94348   | 0,05196 .   |
| b_car_time                     | -0,2250768 | 0,01144 |  -19,67522  | 0,00000 *** |
| b_pt_time                      | -0,0480639 | 0,00337 |  -14,26784  | 0,00000 *** |
| b_bike_cost                    | -0,0653891 | 0,02425 |  -2,69685   | 0,00700 **  |
| b_walk_cost                    | -0,1112443 | 0,01017 |  -10,93740  | 0,00000 *** |
| g_bike_stressLink              |  0,8917647 | 0,75570 |   1,18005   | 0,23798     |
| g_bike_stressLink_c            |  4,1324625 | 1,90412 |   2,17028   | 0,02999 *   |
| g_walk_vgvi                    |  0,5254660 | 0,14535 |   3,61529   | 0,00030 *** |
| g_walk_stressJct               |  4,0533145 | 1,13765 |   3,56289   | 0,00037 *** |
| g_walk_speed                   | -0,0940427 | 0,15778 |  -0,59604   | 0,55115     |
| g_walk_speed_c                 |  1,2687540 | 0,23683 |   5,35735   | 0,00000 *** |
| g_walk_speed_o                 |  0,2723613 | 0,08925 |   3,05152   | 0,00228 **  |


Iterations: 120

Start LL = 21249.943505112835
Final LL = 10979.052279422272
