| COEFFICIENT NAME               | VALUE      | STD.ERR |  T.TEST     |  P.VAL      |
| asc_carD                       |  0,0000000 |         |             |             |
| b_carD_p.age_group_agg_5_14    |  0,0000000 |         |             |             |
| b_carD_p.age_group_agg_15_24   |  0,0000000 |         |             |             |
| b_carD_p.age_group_agg_40_69   |  0,0000000 |         |             |             |
| b_carD_p.age_group_agg_70      |  0,0000000 |         |             |             |
| b_carD_p.female                |  0,0000000 |         |             |             |
| b_carD_p.occupation_worker     |  0,0000000 |         |             |             |
| b_carD_hh.cars_gr_0            |  0,0000000 |         |             |             |
| b_carD_hh.cars_gr_2            |  0,0000000 |         |             |             |
| b_carD_hh.cars_gr_3            |  0,0000000 |         |             |             |
| b_carD_hh.income_agg_high      |  0,0000000 |         |             |             |
| b_carD_t.full_purpose_HBR      |  0,0000000 |         |             |             |
| b_carD_t.full_purpose_HBO      |  0,0000000 |         |             |             |
| asc_carP                       | -1,1786638 | 0,08527 |  -13,82333  | 0,00000 *** |
| b_carP_p.age_group_agg_5_14    |  0,0000000 |         |             |             |
| b_carP_p.age_group_agg_15_24   |  1,4560148 | 0,11801 |   12,33810  | 0,00000 *** |
| b_carP_p.age_group_agg_40_69   | -0,2235016 | 0,06944 |  -3,21873   | 0,00129 **  |
| b_carP_p.age_group_agg_70      | -0,1366116 | 0,08813 |  -1,55019   | 0,12110     |
| b_carP_p.female                |  1,2320270 | 0,05568 |   22,12883  | 0,00000 *** |
| b_carP_p.occupation_worker     | -0,5764134 | 0,06320 |  -9,12118   | 0,00000 *** |
| b_carP_hh.cars_gr_0            |  3,6531596 | 0,29652 |   12,32018  | 0,00000 *** |
| b_carP_hh.cars_gr_2            | -0,1584217 | 0,05849 |  -2,70842   | 0,00676 **  |
| b_carP_hh.cars_gr_3            | -0,3360465 | 0,09647 |  -3,48335   | 0,00050 *** |
| b_carP_hh.income_agg_high      |  0,0000000 |         |             |             |
| b_carP_t.full_purpose_HBR      |  0,4279622 | 0,05891 |   7,26480   | 0,00000 *** |
| b_carP_t.full_purpose_HBO      |  0,0000000 |         |             |             |
| asc_pt                         | -2,6926786 | 0,15095 |  -17,83793  | 0,00000 *** |
| b_pt_p.age_group_agg_5_14      | -1,1771386 | 0,17359 |  -6,78096   | 0,00000 *** |
| b_pt_p.age_group_agg_15_24     |  2,5731287 | 0,16357 |   15,73122  | 0,00000 *** |
| b_pt_p.age_group_agg_40_69     |  0,5688477 | 0,12233 |   4,64993   | 0,00000 *** |
| b_pt_p.age_group_agg_70        |  0,3319591 | 0,14244 |   2,33058   | 0,01978 *   |
| b_pt_p.female                  |  0,5116888 | 0,08276 |   6,18309   | 0,00000 *** |
| b_pt_p.occupation_worker       | -0,6117303 | 0,10462 |  -5,84697   | 0,00000 *** |
| b_pt_hh.cars_gr_0              |  6,1369933 | 0,29835 |   20,56990  | 0,00000 *** |
| b_pt_hh.cars_gr_2              | -0,7772034 | 0,11309 |  -6,87271   | 0,00000 *** |
| b_pt_hh.cars_gr_3              | -1,2963962 | 0,20614 |  -6,28906   | 0,00000 *** |
| b_pt_hh.income_agg_high        |  0,4604125 | 0,15240 |   3,02102   | 0,00252 **  |
| b_pt_t.full_purpose_HBR        |  0,3086702 | 0,09628 |   3,20598   | 0,00135 **  |
| b_pt_t.full_purpose_HBO        | -0,5519484 | 0,09465 |  -5,83133   | 0,00000 *** |
| asc_bike                       | -4,2671403 | 0,25351 |  -16,83197  | 0,00000 *** |
| b_bike_p.age_group_agg_5_14    | -0,6492562 | 0,39812 |  -1,63080   | 0,10293     |
| b_bike_p.age_group_agg_15_24   |  2,2658061 | 0,21155 |   10,71073  | 0,00000 *** |
| b_bike_p.age_group_agg_40_69   |  0,0000000 |         |             |             |
| b_bike_p.age_group_agg_70      | -1,5647757 | 0,38574 |  -4,05651   | 0,00005 *** |
| b_bike_p.female                | -0,9906756 | 0,20756 |  -4,77286   | 0,00000 *** |
| b_bike_p.occupation_worker     | -0,2269101 | 0,19488 |  -1,16434   | 0,24428     |
| b_bike_hh.cars_gr_0            |  5,9237248 | 0,33885 |   17,48168  | 0,00000 *** |
| b_bike_hh.cars_gr_2            | -0,9646778 | 0,25136 |  -3,83777   | 0,00012 *** |
| b_bike_hh.cars_gr_3            | -3,1508181 | 1,01339 |  -3,10918   | 0,00188 **  |
| b_bike_hh.income_agg_high      |  0,8705380 | 0,29014 |   3,00044   | 0,00270 **  |
| b_bike_t.full_purpose_HBR      |  1,6835526 | 0,20417 |   8,24569   | 0,00000 *** |
| b_bike_t.full_purpose_HBO      |  0,5972665 | 0,22146 |   2,69698   | 0,00700 **  |
| asc_walk                       |  1,4300926 | 0,11227 |   12,73849  | 0,00000 *** |
| b_walk_p.age_group_agg_5_14    | -0,9269130 | 0,19936 |  -4,64950   | 0,00000 *** |
| b_walk_p.age_group_agg_15_24   |  1,8221312 | 0,13758 |   13,24453  | 0,00000 *** |
| b_walk_p.age_group_agg_40_69   | -0,1271644 | 0,08416 |  -1,51099   | 0,13079     |
| b_walk_p.age_group_agg_70      | -0,9040809 | 0,13057 |  -6,92386   | 0,00000 *** |
| b_walk_p.female                |  0,2536452 | 0,06706 |   3,78251   | 0,00016 *** |
| b_walk_p.occupation_worker     | -0,3717071 | 0,07992 |  -4,65083   | 0,00000 *** |
| b_walk_hh.cars_gr_0            |  5,9340515 | 0,29768 |   19,93453  | 0,00000 *** |
| b_walk_hh.cars_gr_2            | -0,3864337 | 0,07911 |  -4,88500   | 0,00000 *** |
| b_walk_hh.cars_gr_3            | -0,7647273 | 0,13513 |  -5,65910   | 0,00000 *** |
| b_walk_hh.income_agg_high      |  0,4000069 | 0,11536 |   3,46744   | 0,00053 *** |
| b_walk_t.full_purpose_HBR      |  1,3225874 | 0,07751 |   17,06383  | 0,00000 *** |
| b_walk_t.full_purpose_HBO      |  0,1423440 | 0,07363 |   1,93327   | 0,05320 .   |
| b_car_time                     | -0,2176239 | 0,01107 |  -19,66020  | 0,00000 *** |
| b_pt_time                      | -0,0460929 | 0,00327 |  -14,10385  | 0,00000 *** |
| b_bike_cost                    |  0,0095004 | 0,00674 |   1,40954   | 0,15867     |
| b_walk_cost                    | -0,1070951 | 0,01028 |  -10,42048  | 0,00000 *** |
| g_bike_grad                    | -386,4498159 | 347,42129 |  -1,11234   | 0,26599     |
| g_bike_stressLink              | -10,0110924 | 5,76087 |  -1,73778   | 0,08225 .   |
| g_bike_stressLink_c            | -20,2935585 | 12,17276 |  -1,66713   | 0,09549 .   |
| g_walk_vgvi                    |  0,5516862 | 0,15342 |   3,59593   | 0,00032 *** |
| g_walk_stressJct               |  4,2237623 | 1,18577 |   3,56203   | 0,00037 *** |
| g_walk_speed                   | -0,0501289 | 0,16834 |  -0,29778   | 0,76587     |
| g_walk_speed_c                 |  1,3020965 | 0,24828 |   5,24451   | 0,00000 *** |
| g_walk_speed_o                 |  0,2821674 | 0,09303 |   3,03313   | 0,00242 **  |


Iterations: 500

Start LL = 21249.943505112835
Final LL = 10978.931839427232
