| COEFFICIENT NAME               | VALUE      | STD.ERR |  T.TEST     |  P.VAL      |
| asc_carD                       |  0,0000000 |         |             |             |
| b_carD_p.age_group_agg_5_14    |  0,0000000 |         |             |             |
| b_carD_p.age_group_agg_15_24   |  0,0000000 |         |             |             |
| b_carD_p.age_group_agg_40_69   |  0,0000000 |         |             |             |
| b_carD_p.age_group_agg_70      |  0,0000000 |         |             |             |
| b_carD_p.female                |  0,0000000 |         |             |             |
| b_carD_p.occupation_worker     |  0,0000000 |         |             |             |
| b_carD_hh.cars_gr_0            |  0,0000000 |         |             |             |
| b_carD_hh.cars_gr_2            |  0,0000000 |         |             |             |
| b_carD_hh.cars_gr_3            |  0,0000000 |         |             |             |
| b_carD_hh.income_agg_high      |  0,0000000 |         |             |             |
| b_carD_t.full_purpose_HBR      |  0,0000000 |         |             |             |
| b_carD_t.full_purpose_HBO      |  0,0000000 |         |             |             |
| asc_carP                       | -1,1786357 | 0,08527 |  -13,82309  | 0,00000 *** |
| b_carP_p.age_group_agg_5_14    |  0,0000000 |         |             |             |
| b_carP_p.age_group_agg_15_24   |  1,4560231 | 0,11801 |   12,33824  | 0,00000 *** |
| b_carP_p.age_group_agg_40_69   | -0,2235186 | 0,06944 |  -3,21899   | 0,00129 **  |
| b_carP_p.age_group_agg_70      | -0,1366100 | 0,08813 |  -1,55018   | 0,12110     |
| b_carP_p.female                |  1,2320112 | 0,05567 |   22,12870  | 0,00000 *** |
| b_carP_p.occupation_worker     | -0,5763986 | 0,06319 |  -9,12101   | 0,00000 *** |
| b_carP_hh.cars_gr_0            |  3,6549894 | 0,29677 |   12,31574  | 0,00000 *** |
| b_carP_hh.cars_gr_2            | -0,1584111 | 0,05849 |  -2,70825   | 0,00676 **  |
| b_carP_hh.cars_gr_3            | -0,3360536 | 0,09647 |  -3,48343   | 0,00050 *** |
| b_carP_hh.income_agg_high      |  0,0000000 |         |             |             |
| b_carP_t.full_purpose_HBR      |  0,4279447 | 0,05891 |   7,26444   | 0,00000 *** |
| b_carP_t.full_purpose_HBO      |  0,0000000 |         |             |             |
| asc_pt                         | -2,6924012 | 0,15096 |  -17,83514  | 0,00000 *** |
| b_pt_p.age_group_agg_5_14      | -1,1773874 | 0,17361 |  -6,78182   | 0,00000 *** |
| b_pt_p.age_group_agg_15_24     |  2,5728497 | 0,16358 |   15,72877  | 0,00000 *** |
| b_pt_p.age_group_agg_40_69     |  0,5688464 | 0,12234 |   4,64969   | 0,00000 *** |
| b_pt_p.age_group_agg_70        |  0,3319819 | 0,14244 |   2,33062   | 0,01977 *   |
| b_pt_p.female                  |  0,5116311 | 0,08276 |   6,18202   | 0,00000 *** |
| b_pt_p.occupation_worker       | -0,6118454 | 0,10463 |  -5,84759   | 0,00000 *** |
| b_pt_hh.cars_gr_0              |  6,1389557 | 0,29860 |   20,55889  | 0,00000 *** |
| b_pt_hh.cars_gr_2              | -0,7774708 | 0,11310 |  -6,87429   | 0,00000 *** |
| b_pt_hh.cars_gr_3              | -1,2964290 | 0,20615 |  -6,28869   | 0,00000 *** |
| b_pt_hh.income_agg_high        |  0,4604805 | 0,15242 |   3,02112   | 0,00252 **  |
| b_pt_t.full_purpose_HBR        |  0,3086535 | 0,09629 |   3,20559   | 0,00135 **  |
| b_pt_t.full_purpose_HBO        | -0,5518555 | 0,09466 |  -5,83008   | 0,00000 *** |
| asc_bike                       | -4,2668033 | 0,25403 |  -16,79613  | 0,00000 *** |
| b_bike_p.age_group_agg_5_14    | -0,6376041 | 0,40930 |  -1,55780   | 0,11928     |
| b_bike_p.age_group_agg_15_24   |  2,2670054 | 0,21156 |   10,71564  | 0,00000 *** |
| b_bike_p.age_group_agg_40_69   |  0,0000000 |         |             |             |
| b_bike_p.age_group_agg_70      | -1,5658123 | 0,38604 |  -4,05606   | 0,00005 *** |
| b_bike_p.female                | -0,9901863 | 0,20765 |  -4,76842   | 0,00000 *** |
| b_bike_p.occupation_worker     | -0,2265560 | 0,19495 |  -1,16211   | 0,24519     |
| b_bike_hh.cars_gr_0            |  5,9254244 | 0,33910 |   17,47385  | 0,00000 *** |
| b_bike_hh.cars_gr_2            | -0,9648603 | 0,25156 |  -3,83546   | 0,00013 *** |
| b_bike_hh.cars_gr_3            | -3,1538537 | 1,01510 |  -3,10695   | 0,00189 **  |
| b_bike_hh.income_agg_high      |  0,8708535 | 0,29028 |   3,00008   | 0,00270 **  |
| b_bike_t.full_purpose_HBR      |  1,6843629 | 0,20424 |   8,24685   | 0,00000 *** |
| b_bike_t.full_purpose_HBO      |  0,5967125 | 0,22155 |   2,69330   | 0,00707 **  |
| asc_walk                       |  1,4298208 | 0,11227 |   12,73561  | 0,00000 *** |
| b_walk_p.age_group_agg_5_14    | -0,9266578 | 0,19944 |  -4,64635   | 0,00000 *** |
| b_walk_p.age_group_agg_15_24   |  1,8221316 | 0,13758 |   13,24428  | 0,00000 *** |
| b_walk_p.age_group_agg_40_69   | -0,1271233 | 0,08416 |  -1,51045   | 0,13093     |
| b_walk_p.age_group_agg_70      | -0,9039509 | 0,13058 |  -6,92268   | 0,00000 *** |
| b_walk_p.female                |  0,2536916 | 0,06706 |   3,78306   | 0,00015 *** |
| b_walk_p.occupation_worker     | -0,3716114 | 0,07993 |  -4,64946   | 0,00000 *** |
| b_walk_hh.cars_gr_0            |  5,9359992 | 0,29793 |   19,92401  | 0,00000 *** |
| b_walk_hh.cars_gr_2            | -0,3864919 | 0,07911 |  -4,88557   | 0,00000 *** |
| b_walk_hh.cars_gr_3            | -0,7648744 | 0,13514 |  -5,65989   | 0,00000 *** |
| b_walk_hh.income_agg_high      |  0,3998846 | 0,11536 |   3,46626   | 0,00053 *** |
| b_walk_t.full_purpose_HBR      |  1,3232666 | 0,07751 |   17,07286  | 0,00000 *** |
| b_walk_t.full_purpose_HBO      |  0,1424473 | 0,07363 |   1,93464   | 0,05303 .   |
| b_car_time                     | -0,2178548 | 0,01107 |  -19,67682  | 0,00000 *** |
| b_pt_time                      | -0,0461544 | 0,00327 |  -14,11877  | 0,00000 *** |
| b_bike_cost                    |  0,0082246 | 0,00715 |   1,15015   | 0,25008     |
| b_walk_cost                    | -0,1078754 | 0,01024 |  -10,53939  | 0,00000 *** |
| g_bike_grad                    | -443,3721324 | 482,96572 |  -0,91802   | 0,35861     |
| g_bike_stressLink              | -11,4251332 | 8,10916 |  -1,40892   | 0,15886     |
| g_bike_stressLink_c            | -23,8396905 | 16,90630 |  -1,41011   | 0,15851     |
| g_walk_vgvi                    |  0,5438641 | 0,15157 |   3,58821   | 0,00033 *** |
| g_walk_stressJct               |  4,1992223 | 1,17638 |   3,56961   | 0,00036 *** |
| g_walk_speed                   | -0,0595230 | 0,16603 |  -0,35850   | 0,71997     |
| g_walk_speed_c                 |  1,2924169 | 0,24577 |   5,25874   | 0,00000 *** |
| g_walk_speed_o                 |  0,2802753 | 0,09227 |   3,03741   | 0,00239 **  |


Iterations: 1500

Start LL = 21249.943505112835
Final LL = 10978.710133620607
