| COEFFICIENT NAME               | VALUE      | STD.ERR |  T.TEST     |  P.VAL      |
| asc_carD                       |  0,0000000 |         |             |             |
| b_carD_p.age_group_agg_5_24    |  0,0000000 |         |             |             |
| b_carD_p.age_group_agg_40_69   |  0,0000000 |         |             |             |
| b_carD_p.age_group_agg_70      |  0,0000000 |         |             |             |
| b_carD_p.female                |  0,0000000 |         |             |             |
| b_carD_p.occupation_worker     |  0,0000000 |         |             |             |
| b_carD_hh.cars_gr_0            |  0,0000000 |         |             |             |
| b_carD_hh.cars_gr_2            |  0,0000000 |         |             |             |
| b_carD_hh.cars_gr_3            |  0,0000000 |         |             |             |
| b_carD_hh.income_agg_high      |  0,0000000 |         |             |             |
| asc_carP                       | -2,0938386 | 0,25249 |  -8,29261   | 0,00000 *** |
| b_carP_p.age_group_agg_5_24    |  1,9015204 | 0,27709 |   6,86250   | 0,00000 *** |
| b_carP_p.age_group_agg_40_69   | -0,3730705 | 0,20802 |  -1,79342   | 0,07291 .   |
| b_carP_p.age_group_agg_70      | -0,7781787 | 0,38223 |  -2,03588   | 0,04176 *   |
| b_carP_p.female                |  0,6274233 | 0,20357 |   3,08217   | 0,00205 **  |
| b_carP_p.occupation_worker     | -1,0617469 | 0,19641 |  -5,40586   | 0,00000 *** |
| b_carP_hh.cars_gr_0            |  2,7385877 | 0,53442 |   5,12439   | 0,00000 *** |
| b_carP_hh.cars_gr_2            | -0,6075894 | 0,19393 |  -3,13310   | 0,00173 **  |
| b_carP_hh.cars_gr_3            | -1,9814917 | 0,73029 |  -2,71330   | 0,00666 **  |
| b_carP_hh.income_agg_high      |  0,0931059 | 0,28983 |   0,32124   | 0,74803     |
| asc_pt                         | -4,6401207 | 0,73075 |  -6,34980   | 0,00000 *** |
| b_pt_p.age_group_agg_5_24      |  0,0328763 | 0,88035 |   0,03734   | 0,97021     |
| b_pt_p.age_group_agg_40_69     |  0,1583948 | 0,49228 |   0,32176   | 0,74763     |
| b_pt_p.age_group_agg_70        | -2,2396611 | 0,98812 |  -2,26658   | 0,02342 *   |
| b_pt_p.female                  |  1,3848660 | 0,50613 |   2,73617   | 0,00622 **  |
| b_pt_p.occupation_worker       | -0,9588904 | 0,46201 |  -2,07546   | 0,03794 *   |
| b_pt_hh.cars_gr_0              |  5,5683527 | 0,59874 |   9,30019   | 0,00000 *** |
| b_pt_hh.cars_gr_2              | -20,2740683 | 7547,12165 |  -0,00269   | 0,99786     |
| b_pt_hh.cars_gr_3              | -141,0675459 | 2582557676422985400000000000000,00000 |  -0,00000   | 1,00000     |
| b_pt_hh.income_agg_high        | -9,2402941 | 118,25721 |  -0,07814   | 0,93772     |
| asc_bike                       | -37,0385526 | NaN     |  NaN        | NaN         |
| b_bike_p.age_group_agg_5_24    |  2,2527912 | 1,05134 |   2,14278   | 0,03213 *   |
| b_bike_p.age_group_agg_40_69   |  0,2825357 | 0,92424 |   0,30570   | 0,75984     |
| b_bike_p.age_group_agg_70      | -361,5681090 | 13032653648924573000000000000000000000000000000000000000000000000000000000000000,00000 |  -0,00000   | 1,00000     |
| b_bike_p.female                | -2,8807918 | 1,00762 |  -2,85900   | 0,00425 **  |
| b_bike_p.occupation_worker     |  0,5778558 | 0,90926 |   0,63553   | 0,52509     |
| b_bike_hh.cars_gr_0            |  39,2902221 | NaN     |  NaN        | NaN         |
| b_bike_hh.cars_gr_2            |  30,8204561 | NaN     |  NaN        | NaN         |
| b_bike_hh.cars_gr_3            |  34,3716594 | NaN     |  NaN        | NaN         |
| b_bike_hh.income_agg_high      |  3,5876481 | 1,05946 |   3,38631   | 0,00071 *** |
| asc_walk                       |  1,9842869 | 0,20093 |   9,87571   | 0,00000 *** |
| b_walk_p.age_group_agg_5_24    | -0,8621298 | 0,30138 |  -2,86059   | 0,00423 **  |
| b_walk_p.age_group_agg_40_69   | -0,7815457 | 0,12903 |  -6,05693   | 0,00000 *** |
| b_walk_p.age_group_agg_70      | -3,9100783 | 0,69641 |  -5,61461   | 0,00000 *** |
| b_walk_p.female                |  0,6749830 | 0,14476 |   4,66290   | 0,00000 *** |
| b_walk_p.occupation_worker     | -0,6322168 | 0,13222 |  -4,78140   | 0,00000 *** |
| b_walk_hh.cars_gr_0            |  5,8259358 | 0,52778 |   11,03852  | 0,00000 *** |
| b_walk_hh.cars_gr_2            | -0,1851458 | 0,13537 |  -1,36771   | 0,17140     |
| b_walk_hh.cars_gr_3            | -1,3858132 | 0,37469 |  -3,69860   | 0,00022 *** |
| b_walk_hh.income_agg_high      | -0,0433619 | 0,18510 |  -0,23427   | 0,81478     |
| b_car_time                     | -0,3530048 | 0,08174 |  -4,31859   | 0,00002 *** |
| b_pt_time                      | -0,0752551 | 0,02317 |  -3,24838   | 0,00116 **  |
| b_bike_cost                    | -0,0136968 | 0,04935 |  -0,27752   | 0,78138     |
| b_walk_cost                    | -0,2942704 | 0,03799 |  -7,74637   | 0,00000 *** |
| g_bike_grad                    |  186,2660136 | 829,48115 |   0,22456   | 0,82232     |
| g_bike_vgvi                    | -11,0847886 | 48,59011 |  -0,22813   | 0,81955     |
| g_bike_stressLink              |  74,5376611 | 269,35487 |   0,27673   | 0,78199     |
| g_walk_vgvi                    |  0,4477377 | 0,15973 |   2,80317   | 0,00506 **  |
| g_walk_stressJct               |  1,3695108 | 1,12431 |   1,21809   | 0,22319     |
| g_walk_speed                   | -1,3043269 | 0,13384 |  -9,74522   | 0,00000 *** |
| g_walk_aadt                    |  0,3133807 | 0,07982 |   3,92631   | 0,00009 *** |


Iterations: 500

Start LL = 5099.150644208331
Final LL = 1471.429516897174

BIKE DETOURS: min=1,00  25perc=1,00  med=1,00  mean=1,00  75perc=1,00  max=1,00
BIKE OVERLAP: min=1,00  25perc=1,00  med=1,00  mean=1,00  75perc=1,00  max=1,00
WALK DETOURS: min=1,00  25perc=1,00  med=1,00  mean=1,00  75perc=1,00  max=1,00
WALK OVERLAP: min=1,00  25perc=1,00  med=1,00  mean=1,00  75perc=1,00  max=1,00
