| COEFFICIENT NAME               | VALUE      | STD.ERR |  T.TEST     |  P.VAL      |
| asc_carD                       |  0,0000000 |         |             |             |
| b_carD_p.age_group_agg_15_24   |  0,0000000 |         |             |             |
| b_carD_p.age_group_agg_40_54   |  0,0000000 |         |             |             |
| b_carD_p.age_55up              |  0,0000000 |         |             |             |
| b_carD_p.female                |  0,0000000 |         |             |             |
| b_carD_hh.cars_gr_0            |  0,0000000 |         |             |             |
| b_carD_hh.cars_gr_2            |  0,0000000 |         |             |             |
| b_carD_hh.cars_gr_3            |  0,0000000 |         |             |             |
| b_carD_p.disability_lot        |  0,0000000 |         |             |             |
| b_carD_hh.income_agg_high      |  0,0000000 |         |             |             |
| asc_carP                       | -2,2890805 | 0,12914 |  -17,72550  | 0,00000 *** |
| b_carP_p.age_group_agg_15_24   |  1,2456638 | 0,17432 |   7,14576   | 0,00000 *** |
| b_carP_p.age_group_agg_40_54   | -0,4205222 | 0,15516 |  -2,71020   | 0,00672 **  |
| b_carP_p.age_55up              |  0,0000000 |         |             |             |
| b_carP_p.female                |  0,8197086 | 0,13383 |   6,12500   | 0,00000 *** |
| b_carP_hh.cars_gr_0            |  4,2161734 | 0,52994 |   7,95592   | 0,00000 *** |
| b_carP_hh.cars_gr_2            | -1,3431478 | 0,16241 |  -8,26990   | 0,00000 *** |
| b_carP_hh.cars_gr_3            | -1,8338366 | 0,26662 |  -6,87815   | 0,00000 *** |
| b_carP_p.disability_lot        |  1,6994130 | 0,46045 |   3,69074   | 0,00022 *** |
| b_carP_hh.income_agg_high      |  0,2529503 | 0,19195 |   1,31778   | 0,18758     |
| asc_pt                         | -1,2671347 | 0,14279 |  -8,87392   | 0,00000 *** |
| b_pt_p.age_group_agg_15_24     |  1,1000575 | 0,14773 |   7,44623   | 0,00000 *** |
| b_pt_p.age_group_agg_40_54     | -0,4342585 | 0,11843 |  -3,66690   | 0,00025 *** |
| b_pt_p.age_55up                | -0,5709843 | 0,15537 |  -3,67506   | 0,00024 *** |
| b_pt_p.female                  |  0,4370705 | 0,10121 |   4,31862   | 0,00002 *** |
| b_pt_hh.cars_gr_0              |  5,4210961 | 0,51004 |   10,62880  | 0,00000 *** |
| b_pt_hh.cars_gr_2              | -1,5687801 | 0,12650 |  -12,40111  | 0,00000 *** |
| b_pt_hh.cars_gr_3              | -2,0919877 | 0,21212 |  -9,86206   | 0,00000 *** |
| b_pt_p.disability_lot          |  1,5097318 | 0,42728 |   3,53335   | 0,00041 *** |
| b_pt_hh.income_agg_high        |  0,4420510 | 0,14049 |   3,14657   | 0,00165 **  |
| asc_bike                       | -0,7532218 | 0,18645 |  -4,03975   | 0,00005 *** |
| b_bike_p.age_group_agg_15_24   |  1,2288530 | 0,19010 |   6,46439   | 0,00000 *** |
| b_bike_p.age_group_agg_40_54   | -0,7053935 | 0,18780 |  -3,75611   | 0,00017 *** |
| b_bike_p.age_55up              | -1,3361893 | 0,29025 |  -4,60365   | 0,00000 *** |
| b_bike_p.female                | -0,0691883 | 0,25853 |  -0,26762   | 0,78899     |
| b_bike_hh.cars_gr_0            |  5,2945491 | 0,52378 |   10,10836  | 0,00000 *** |
| b_bike_hh.cars_gr_2            | -1,5906200 | 0,22346 |  -7,11828   | 0,00000 *** |
| b_bike_hh.cars_gr_3            | -2,0186698 | 0,34953 |  -5,77534   | 0,00000 *** |
| b_bike_p.disability_lot        | -296,7337430 | 32637100810315180000000000000000000000000000000000000000000000000,00000 |  -0,00000   | 1,00000     |
| b_bike_hh.income_agg_high      |  0,6513371 | 0,23345 |   2,79008   | 0,00527 **  |
| asc_walk                       |  2,2935909 | 0,16250 |   14,11414  | 0,00000 *** |
| b_walk_p.age_group_agg_15_24   |  1,3913449 | 0,17280 |   8,05194   | 0,00000 *** |
| b_walk_p.age_group_agg_40_54   |  0,0000000 |         |             |             |
| b_walk_p.age_55up              |  0,0000000 |         |             |             |
| b_walk_p.female                | -0,1458773 | 0,13160 |  -1,10851   | 0,26764     |
| b_walk_hh.cars_gr_0            |  5,4000850 | 0,52387 |   10,30800  | 0,00000 *** |
| b_walk_hh.cars_gr_2            | -1,1261477 | 0,16637 |  -6,76890   | 0,00000 *** |
| b_walk_hh.cars_gr_3            | -1,6893828 | 0,25048 |  -6,74451   | 0,00000 *** |
| b_walk_p.disability_lot        | -19,0982563 | 10787,28591 |  -0,00177   | 0,99859     |
| b_walk_hh.income_agg_high      |  0,2474968 | 0,22520 |   1,09900   | 0,27177     |
| b_car_time                     | -0,1598709 | 0,01247 |  -12,82086  | 0,00000 *** |
| b_pt_time                      | -0,0366546 | 0,00348 |  -10,53215  | 0,00000 *** |
| b_bike_cost                    | -0,0370122 | 0,01842 |  -2,00951   | 0,04448 *   |
| b_walk_cost                    | -0,1000459 | 0,01100 |  -9,09793   | 0,00000 *** |
| g_bike_grad                    |  31,9477937 | 26,37421 |   1,21133   | 0,22577     |
| g_bike_stressLink              |  2,4502866 | 1,73908 |   1,40895   | 0,15885     |
| g_bike_stressLink_f            |  3,5789550 | 1,98368 |   1,80420   | 0,07120 .   |
| g_walk_vgvi                    |  0,4457996 | 0,26656 |   1,67241   | 0,09444 .   |
| g_walk_stressJct               |  3,3264954 | 2,34591 |   1,41800   | 0,15619     |


Iterations: 500

Start LL = 7175.705063219666
Final LL = 3619.391221913255

BIKE DETOURS: min=1,00  25perc=1,00  med=1,00  mean=1,00  75perc=1,00  max=1,00
BIKE OVERLAP: min=1,00  25perc=1,00  med=1,00  mean=1,00  75perc=1,00  max=1,00
WALK DETOURS: min=1,00  25perc=1,00  med=1,00  mean=1,00  75perc=1,00  max=1,00
WALK OVERLAP: min=1,00  25perc=1,00  med=1,00  mean=1,00  75perc=1,00  max=1,00
